22388 11537 6509 26677 19737 
22388 11537 11317 7896 11714 
22388 11537 2603 8674 201965 
22388 11537 20965 786 43198 
22388 11537 210 11663 
22388 7575 38022 38299 
22388 7575 24434 
22388 293 3424 
22388 11537 20965 2200 777 
22388 11537 20965 680 12643 12643 12643 12643 
22388 11537 18592 2904 
22388 11537 3112 159 
22388 11537 6509 
22388 11537 47862 56479 
22388 7660 23911 4538 4134 
22388 11537 20965 13092 
22388 11537 20965 8501 12324 199028 
22388 2153 2152 2920 
22388 11537 20388 3267 8398 
22388 11537 7575 38022 132003 
22388 11537 22335 32698 
22388 11537 4600 3701 46159 
22388 11537 20965 137 35110 
22388 7575 38022 132264 
22388 11537 22335 8674 
22388 11537 57 14763 
22388 11537 11317 
22388 11537 6509 10965 17001 
22388 11537 20965 2614 57444 
22388 11537 20965 13092 43752 
22388 11537 20965 8501 1887 8962 
22388 11537 20388 3267 13078 
22388 11537 20965 2200 779 2089 
22388 11537 32440 23294 
22388 11537 14085 4557 7276 
22388 11537 14085 16905 30696 16670 
22388 11537 40581 14183 
22388 11537 20965 8501 24848 
22388 7660 9821 23862 131245 
22388 11537 14085 276 25709 
22388 11537 20388 50139 3058 
22388 11537 40498 3912 
22388 11537 20965 8501 9103 
22388 11537 2603 8674 29216 
22388 2153 567 3659 
22388 11537 20965 2614 6693 
22388 7660 9821 132483 
22388 11537 3754 17324 
22388 11537 20965 2107 50195 50195 
22388 11537 101 10430 30198 
22388 2153 52 
22388 11537 6509 53904 
22388 11537 6509 15296 
22388 11537 20965 137 42165 
22388 11537 20965 2200 44850 
22388 11537 20965 680 47369 
22388 11537 3112 40812 
22388 11537 132500 
22388 11537 14085 16905 1832 
22388 11537 11317 46832 11348 26934 
22388 7660 23911 4538 4840 
22388 7575 38022 55746 
22388 11537 20965 786 
22388 11537 6509 376 806 
22388 11537 237 46417 
22388 7660 24287 24490 45170 
22388 11537 7575 7570 7570 
22388 11537 11317 2698 
22388 7660 4641 4641 18366 23709 
22388 11537 6509 271 25689 
22388 11537 393689 
22388 11537 20388 3267 34707 
22388 11537 2907 18123 
22388 11537 20388 3267 2848 42364 
22388 11537 20388 50139 5568 30853 
22388 11537 40220 3140 
22388 7660 17579 1237 7560 
22388 11537 20388 3267 35335 
22388 11537 6509 611 
22388 7575 38083 
22388 11537 27750 1916 11242 263410 
22388 7660 24475 4621 4767 
22388 11537 20388 3267 198130 198130 
22388 11537 20965 1853 51066 
22388 11537 6509 15296 33091 
22388 11537 2603 8674 56266 
22388 11537 20965 559 8235 
22388 11537 20965 8501 8286 
22388 11537 6509 15296 3359 
22388 11537 20388 3267 5467 
22388 2153 2152 23369 
22388 11537 2603 1653 2846 
22388 7575 38022 18378 
22388 11537 27750 27817 64322 
22388 2153 40498 3388 
22388 11537 237 20039 
22388 11537 40581 53604 
22388 11537 20965 680 12816 
22388 11537 10578 46964 
22388 11537 3112 54676 
22388 11537 20388 3267 29147 31738 
22388 11537 20965 2200 1935 
22388 11537 20965 5379 
22388 11537 17579 1237 3784 3784 3784 
22388 11537 6509 10972 54658 
22388 11537 10764 513 12654 
22388 11537 6509 376 15318 
22388 7660 24287 24490 38022 38022 38022 9433 
22388 7575 7476 
22388 11537 11317 46832 26934 
22388 11537 30700 7029 14760 
22388 11537 3112 30712 
22388 11537 2907 37920 
22388 11537 40498 3388 
22388 11537 54234 10546 
22388 2153 2152 14706 
22388 11537 20388 3267 198685 
22388 11537 20965 8501 9112 
22388 2153 2152 
22388 11537 2495 2701 
22388 11537 20965 1955 30904 31581 
22388 11537 2907 37910 
22388 11537 27750 3597 27993 
22388 11537 6509 271 393249 
22388 11537 20965 2611 25344 
22388 11537 81 46255 
22388 11537 3112 22320 
22388 11537 10886 
22388 11537 6509 26677 32638 
22388 11537 6509 26677 819 
22388 11537 27750 3597 27674 
22388 11537 20965 1103 3333 
22388 11537 20965 680 680 553 39100 
22388 11537 20965 21274 
22388 11537 237 1432 1432 
22388 11537 10490 3464 8135 
22388 11537 47862 39031 
22388 11537 10578 3 
22388 11537 11096 40326 
22388 11537 20388 3267 34862 
22388 11537 27750 1916 11097 
22388 11537 237 25609 
22388 11537 81 40245 
22388 11537 3851 
22388 11537 2603 8674 35052 
22388 11537 81 6559 20449 
22388 11537 27750 27817 
22388 7660 24475 4621 9411 
22388 11537 14041 53471 
22388 293 3562 
22388 11537 22335 8674 29216 
22388 11537 20965 21274 13171 
22388 7660 9270 10197 
22388 11537 27750 1916 2716 262583 
22388 11537 20965 786 51704 51704 
22388 11537 20965 2200 30839 
22388 11537 6509 15296 11257 
22388 11537 20965 1955 
22388 11537 2603 1653 
22388 7660 24475 4621 9475 
22388 11537 10490 2722 12148 47065 
22388 11537 14085 276 14314 
22388 11537 20965 12687 197361 
22388 11537 20965 1853 20537 20537 20537 20537 20537 
22388 11537 7575 45797 
22388 11537 20965 2200 1712 
22388 7660 24287 24490 45773 
22388 11537 20965 36944 
22388 11537 101 
22388 7660 24287 24490 24514 55856 
22388 11537 27750 27817 26605 
22388 11537 3112 12247 
22388 11537 22742 167 
22388 11537 81 22854 
22388 11537 3112 29709 27236 
22388 11537 20388 50139 
22388 11537 20965 21274 50934 
22388 11537 20965 680 20633 20633 
22388 11537 20965 680 42873 
22388 11537 10578 22834 
22388 11537 20965 8501 1887 197982 
22388 7575 
22388 11537 20965 2200 1936 57284 
22388 11537 101 14221 
22388 11537 210 26046 
22388 7660 24287 24490 55824 2697 
22388 11537 3112 26894 
22388 11537 6509 21640 112 
22388 2153 2152 13940 
22388 11537 7575 45128 
22388 11537 2603 3267 8491 8491 8491 
22388 11537 2381 22137 
22388 11537 10466 32162 53913 
22388 11537 20965 2847 51172 
22388 11537 20965 559 25021 
22388 11537 7575 
22388 11537 6509 271 {393249} 
22388 11537 2603 1653 2842 
22388 11537 6509 15296 33549 
22388 11537 3112 2025 
22388 11537 6509 26677 14661 
22388 11537 20965 8501 8970 
22388 11537 1842 5663 
22388 11537 10886 6059 30184 
22388 7660 24287 24489 3662 4528 
22388 11537 20965 8501 1887 47404 
22388 7660 9821 133064 
22388 11537 11096 6356 
22388 11537 20965 559 19151 12654 
22388 11537 11096 5661 22471 
22388 11537 10578 32389 
22388 7660 18127 3488 
22388 11537 20388 3267 56374 56374 56374 
22388 11537 20965 2614 13210 
22388 11537 20965 1103 1125 
22388 11537 20965 36944 37182 
22388 11537 20965 8501 1887 
22388 293 377 
22388 11537 10578 1351 12282 
22388 11537 10490 13611 
22388 11537 20965 1853 1111 
22388 11537 29384 47901 
22388 11537 20965 2200 2426 
22388 11537 6509 33594 
22388 293 3152 
22388 11537 2907 37918 
22388 11537 20388 3267 16033 
22388 11537 22335 6325 15118 
22388 11537 20965 5408 8278 
22388 7660 23911 4538 23912 
22388 11537 20965 1103 1147 
22388 7660 23855 45133 
22388 2153 567 127 
22388 11537 20965 8517 58151 
22388 7660 9821 17721 45209 
22388 11537 3754 5719 47065 
22388 11537 22742 
22388 11537 10578 13326 
22388 11537 3112 30298 
22388 11537 22335 6325 23264 23264 
22388 11537 2603 15474 29348 
22388 2153 2152 21694 
22388 11537 20965 2200 781 47300 
22388 11537 18592 8151 22122 
22388 7660 24475 4621 9551 
22388 11537 6509 26677 549 239 
22388 11537 57 30220 30220 30220 30220 
22388 11537 2603 1653 2839 
22388 7660 24287 24490 18007 4796 17922 7717 17974 7713 55697 
22388 11537 27750 3597 262156 262156 262156 
22388 7660 24475 4621 23919 23919 
22388 11537 2907 23807 
22388 11537 20965 680 43066 
22388 11537 32440 19564 
22388 11537 20965 786 198864 
22388 7660 23855 7610 7472 
22388 2153 2152 30679 
22388 11537 237 393474 
22388 11537 27750 1916 10881 264471 
22388 11537 2603 224 224 224 
22388 11537 6509 15296 62742 
22388 11537 10886 70 
22388 11537 10490 3464 40735 
22388 11537 14085 276 54933 
22388 11537 10490 29972 
22388 11537 1351 1351 26385 
22388 11537 2603 8674 49488 
22388 11537 27750 1916 263605 
22388 11537 14041 12145 
22388 11537 2603 39590 
22388 11537 20965 8501 25468 
22388 11537 30700 7029 33629 33629 33629 
22388 2153 2152 21708 21708 21708 21708 
22388 11537 7539 18426 
22388 7660 24287 24490 55824 132524 132524 132524 132524 132524 
22388 11537 20965 8517 1967 
22388 7660 24287 24490 55824 55433 
22388 11537 20965 8517 15390 
22388 11537 22742 3592 
22388 11537 20965 6802 35503 
22388 11537 2907 17946 
22388 11537 27750 1916 10417 10417 10417 52853 
22388 11537 40581 53450 
22388 11537 20965 8501 39909 
22388 11537 14085 16905 20162 
22388 7660 9270 10063 
22388 2153 46357 
22388 11537 29384 
22388 11537 20388 3267 3277 
22388 11537 40387 698 
22388 7575 38022 132709 
22388 11537 32440 18818 
22388 293 68 
22388 11537 3112 22968 
22388 7660 24287 24490 18007 4796 59138 
22388 11537 20965 8517 
22388 7660 18127 
22388 11537 2381 1736 
22388 11537 2603 1741 
22388 11537 2153 2152 
22388 11537 20388 3267 8599 
22388 11537 20388 3267 25519 
22388 11537 40220 22299 47036 
22388 11537 11096 12013 
22388 7660 24287 24490 132106 56031 56031 56031 56031 
22388 11537 6509 26677 549 11628 
22388 11537 57 21951 
22388 11537 297 270 771 
22388 11537 2381 53599 
22388 11537 6509 271 13764 
22388 11537 62600 21582 
22388 11537 46435 11686 
22388 11537 4600 3582 
22388 7575 134111 
22388 11537 2603 1741 565 
22388 11537 2907 55909 
22388 11537 20388 50139 42317 
22388 11537 20388 3267 8684 
22388 7575 134096 
22388 11537 20965 559 
22388 11537 14085 16905 30696 54084 
22388 11537 20388 3267 60643 
22388 2153 40498 3912 19470 
22388 7660 24287 24490 55824 
22388 7575 1851 
22388 11537 20965 1853 
22388 11537 27750 3597 4270 27981 
22388 11537 2381 53355 
22388 11537 20965 680 13040 
22388 668 89 
22388 11537 7539 1659 
22388 11537 11317 33189 26498 
22388 11537 20388 3267 21143 
22388 11537 2381 47015 
22388 7660 4641 4641 38345 
22388 11537 7575 132129 
22388 11537 20388 3267 31575 
22388 7660 3662 4528 17764 17764 17764 
22388 11537 81 54640 
22388 11537 6509 376 22953 
22388 11537 3112 30290 
22388 11537 11096 36843 40486 
22388 7575 38022 38305 
22388 11537 2907 59100 
22388 11537 2603 1653 39871 
22388 11537 3754 31822 
22388 11537 11096 19119 
22388 2153 2152 40498 3388 
22388 7575 38022 55887 
22388 11537 14085 16905 30696 36695 
22388 7660 9264 1659 
22388 11537 6360 26100 
22388 11537 2907 18124 
22388 11537 10578 156 47065 
22388 11537 20388 3267 39131 
22388 11537 3112 20126 
22388 11537 40220 10357 
22388 11537 18592 22122 
22388 7575 38022 133857 
22388 11537 6509 8111 393907 
22388 11537 38 1224 
22388 11537 2603 1653 2831 
22388 11537 20965 8501 8267 
22388 11537 20965 36944 36914 
22388 11537 20965 137 50112 
22388 11537 27750 1916 2716 19200 
22388 11537 27750 1916 2716 19611 
22388 11537 2603 1880 3220 
22388 11537 20388 50139 3058 9056 
22388 7660 24287 24490 18007 4796 46047 
22388 293 6406 
22388 11537 36412 14877 22192 
22388 7575 38022 
22388 11537 20965 1103 1128 
22388 11537 2603 1653 20943 
22388 11537 10578 1351 16384 
22388 11537 6509 376 12277 
22388 11537 20965 6802 8745 
22388 11537 297 270 1316 
22388 11537 27750 1916 10881 10412 
22388 11537 297 270 1843 
22388 11537 20388 3267 9206 
22388 11537 20388 50139 2148 
22388 7660 23911 
22388 11537 22335 6325 1702 1702 1702 
22388 7660 2500 7500 7500 112 
22388 11537 14085 16905 30696 13392 
22388 11537 14085 276 32093 
22388 11537 32440 11164 4323 54529 
22388 2153 131 
22388 11537 6509 21640 2679 
22388 11537 19782 11686 11686 
22388 11537 6509 376 11032 40660 
22388 11537 18592 28550 2549 
22388 11537 20965 766 15630 
22388 11537 11096 11523 
22388 11537 3754 26462 
22388 668 252 
22388 11537 20388 3267 12770 
22388 2153 2152 18975 
22388 11537 20965 8501 1887 44959 
22388 7575 38022 38140 
22388 11537 22335 6325 19480 
22388 11537 20965 2847 51172 44358 
22388 7660 24287 24490 55824 132780 
22388 11537 20965 1853 1776 
22388 11537 30700 
22388 11537 20965 2200 1723 
22388 11537 20965 680 60824 60824 60824 
22388 11537 14085 302 33563 
22388 11537 3754 4385 
22388 11537 297 270 41 
22388 11537 14041 13555 17294 
22388 11537 20965 6802 41352 
22388 11537 20965 8501 1887 201617 
22388 11537 101 10430 
22388 11537 20965 5408 6867 
22388 7660 24287 24490 24514 55827 
22388 11537 20965 766 288 
22388 11537 6509 376 11032 
22388 11537 14085 16905 30696 31791 
22388 11537 20965 1853 34183 
22388 11537 2907 18091 
22388 11537 20965 1930 5516 
22388 11537 10578 156 
22388 11537 54308 52457 262178 
22388 11537 2721 2722 393251 
22388 7660 24475 4621 9464 
22388 11537 22742 393337 
22388 11537 40220 40151 11221 
22388 11537 5050 36407 
22388 11537 20388 3267 8630 
22388 11537 20965 2614 12356 
22388 11537 57 32907 
22388 11537 6509 26677 11700 
22388 11537 10466 34 2 
22388 11537 6509 26677 32756 
22388 11537 20965 680 680 553 43483 43483 43483 43483 
22388 11537 297 270 12819 12819 12819 
22388 11537 11317 33189 11602 
22388 11537 3754 14 
22388 11537 20080 27922 
22388 11537 3754 4190 
22388 11537 2603 8674 56625 
22388 293 3970 
22388 11537 20965 680 35739 
22388 11537 2907 2504 
22388 11537 20965 1213 2850 
22388 11537 20965 2200 1715 
22388 11537 46435 46662 
22388 11537 10466 21976 18794 18794 18794 
22388 11537 10578 27552 27370 
22388 11537 54308 52457 
22388 11537 2907 18148 
22388 11537 20965 6802 47174 
22388 11537 3754 33703 
22388 11537 20965 786 35832 
22388 11537 81 33401 
22388 2153 2152 3734 
22388 11537 2721 
22388 11537 20965 5408 8253 
22388 11537 14085 4557 20099 
22388 11537 20965 8501 8508 
22388 7660 9264 
22388 7660 3662 4605 
22388 7660 24287 24490 55824 132423 
22388 11537 5050 9 
22388 11537 6509 271 4476 
22388 11537 10755 
22388 7660 24287 24490 18007 46019 
22388 7660 7497 24151 
22388 7660 23855 
22388 2153 2152 567 25789 
22388 2153 2152 46749 36306 
22388 2153 9 
22388 11537 14041 14737 
22388 11537 20388 3267 5467 61320 61320 61320 61320 61320 
22388 7660 24287 24489 23911 4538 7497 24134 
22388 11537 14085 16905 
22388 11537 10490 12173 
22388 11537 3754 32360 
22388 11537 20965 2614 31313 42142 
22388 11537 2381 3136 
22388 11537 6509 26677 32820 
22388 11537 20965 1853 2036 
22388 11537 20388 3267 49186 
22388 11537 27750 27841 27947 52343 
22388 11537 20965 1853 8692 8692 8692 
22388 11537 6509 15296 25925 
22388 11537 18592 8151 28391 
22388 7660 9821 
22388 11537 2381 40347 
22388 11537 20965 680 29484 
22388 11537 27750 1916 2716 22819 
22388 11537 20965 1955 2012 
22388 7660 24287 24490 18007 
22388 11537 14041 12145 25825 
22388 11537 22742 62548 
22388 11537 55 
22388 11537 6509 10972 
22388 11537 20388 3267 34150 
22388 11537 3112 7925 
22388 11537 57 8148 17355 
22388 11537 6509 15296 27623 
22388 11537 20965 8501 8664 20555 
22388 11537 20965 8501 28678 
22388 11537 14085 10421 
22388 11537 14041 16496 
22388 7660 23855 9419 
22388 11537 10886 6059 6189 
22388 11537 10578 1968 
22388 2153 2152 21915 
22388 11537 20965 8501 
22388 11537 22335 32698 32702 
22388 11537 27750 11340 27897 
22388 11537 10886 6059 21767 
22388 11537 40581 1826 
22388 11537 20965 5408 8248 
22388 7575 24436 24436 
22388 11537 7575 38474 
22388 11537 20965 137 31638 
22388 7660 9821 133064 132862 
22388 11537 17579 1237 18298 
22388 11537 30700 3714 
22388 11537 10886 6629 3477 20033 
22388 11537 20388 3267 9111 
22388 11537 2603 1653 2838 
22388 11537 11096 11809 
22388 11537 20965 5408 8522 197997 
22388 11537 20965 8501 1887 196802 196802 196802 196802 
22388 11537 14085 276 19856 
22388 11537 10886 186 
22388 668 289 
22388 11537 14041 194 39990 
22388 11537 19782 1767 26026 
22388 11537 2907 18087 
22388 11537 27750 1916 2715 262829 
22388 11537 2603 3267 59624 59624 
22388 11537 27750 1916 11242 263325 
22388 2153 2152 54048 14750 
22388 11537 27750 1916 52888 
22388 11537 20965 786 43838 43838 43838 43838 43838 43838 43838 43838 43838 43838 43838 
22388 11537 27750 1916 2716 262441 
22388 7660 24287 24489 9821 4779 45600 
22388 11537 20965 680 41969 
22388 11537 40581 1603 
22388 11537 20965 559 202123 
22388 11537 6509 26677 549 30045 
22388 7660 24475 4621 9562 
22388 11537 81 
22388 11537 22335 6325 33460 
22388 11537 10490 
22388 7660 9821 17721 
22388 11537 81 53785 
22388 11537 27750 1916 28571 
22388 11537 20965 36944 2018 37520 
22388 11537 20388 3267 6874 
22388 11537 57 8148 
22388 11537 27750 3597 4270 61486 
22388 11537 81 10952 
22388 11537 10764 513 48751 
22388 11537 10466 21976 63319 
22388 293 44 
22388 11537 20965 559 5568 3316 42403 25152 
22388 11537 20965 1853 760 201612 
22388 11537 3754 3685 
22388 11537 20965 2614 49507 
22388 11537 47862 58283 
22388 11537 3112 33254 
22388 11537 25829 
22388 11537 20965 2614 
22388 11537 40581 
22388 11537 6509 15296 25635 
22388 2153 2152 21708 
22388 11537 22335 6325 26255 
22388 11537 20965 766 13041 15633 
22388 293 3671 
22388 2153 2152 54048 40523 
22388 2153 
22388 11537 6509 26677 23237 
22388 11537 27750 3597 4270 14845 
22388 11537 3921 
22388 11537 18592 8151 3640 
22388 11537 11317 2698 6122 15140 
22388 293 2640 
22388 7575 38022 23905 
22388 11537 20965 2852 
22388 11537 10578 14325 14325 14325 22018 
22388 11537 14041 194 14934 
22388 11537 27750 11340 20191 
22388 11537 18592 18734 
22388 11537 20965 1103 1145 
22388 11537 19782 11114 
22388 11537 3112 29941 
22388 11537 47862 
22388 11537 2907 45688 
22388 11537 20965 
22388 11537 20965 2614 8708 16120 
22388 11537 2153 2152 2920 
22388 293 45 
22388 7660 9270 18158 
22388 11537 2907 38635 
22388 11537 14085 16905 30696 30350 
22388 2153 40498 17153 
22388 7660 9270 17870 
22388 11537 10886 31878 
22388 11537 20965 680 56357 
22388 11537 57 20125 
22388 11537 20965 137 8978 
22388 7575 38022 55524 
22388 2153 40498 54249 
22388 11537 11096 33008 
22388 11537 237 27274 
22388 11537 7575 55773 
22388 11537 81 11426 22753 
22388 11537 27750 3597 262156 
22388 11537 20965 5538 
22388 2153 5653 
22388 11537 10490 2722 2721 53257 
22388 11537 2907 59103 
22388 11537 2603 1653 39870 
22388 11537 20388 3267 33819 
22388 11537 30700 3714 14271 40373 
22388 11537 22742 3606 3606 3606 3606 3606 3606 
22388 11537 20965 786 44369 
22388 11537 2907 18125 
22388 11537 10886 6059 33170 33170 33170 33170 
22388 11537 20388 3267 34849 
22388 11537 20965 2852 48091 
22388 11537 20965 1853 2494 
22388 11537 2603 224 50270 
22388 11537 11317 33189 22215 
22388 11537 10466 21976 16889 
22388 11537 2495 
22388 7660 24475 4621 9546 
22388 11537 20965 36944 327687 
22388 11537 20965 137 29609 
22388 11537 20965 5408 5470 
22388 11537 20965 680 680 553 5501 
22388 11537 10886 46543 
22388 7660 4641 4641 42 
22388 11537 3754 15046 
22388 11537 20965 8501 8890 
22388 11537 2603 1653 2840 
22388 11537 20965 2200 2485 
22388 7660 23911 4538 4789 
22388 2153 32361 
22388 11537 557 22847 
22388 11537 54308 52457 262148 
22388 11537 27750 1916 2716 
22388 11537 27750 3597 4270 263186 
22388 11537 20965 680 680 553 
22388 11537 20965 680 64251 64251 64251 64251 
22388 11537 20965 766 33072 
22388 11537 10578 111 
22388 11537 20388 3267 
22388 11537 6509 10965 16796 
22388 11537 20965 8501 8508 199279 
22388 11537 2907 56218 2523 
22388 11537 3112 22093 
22388 11537 20965 12687 43384 43384 43384 
22388 11537 10764 513 1297 
22388 7575 7573 
22388 11537 14041 2648 3477 
22388 11537 6509 26677 549 393877 
22388 11537 20965 137 51708 51708 51708 51708 51708 50507 
22388 11537 20965 2614 12675 
22388 11537 18592 263148 
22388 11537 11317 2698 22594 
22388 11537 10490 2722 47 
22388 668 
22388 11537 11096 31986 
22388 668 393399 
22388 11537 20965 559 13237 12654 
22388 7660 3836 
22388 2153 567 4 
22388 11537 20388 3267 29526 
22388 11537 27750 3597 10671 
22388 11537 14085 16905 30696 40049 
22388 11537 20965 1955 8512 
22388 11537 101 25845 
22388 11537 2603 1741 39662 
22388 7660 24287 24489 24175 
22388 11537 27750 1916 28609 
22388 11537 27750 27807 27893 
22388 11537 10764 513 
22388 11537 10490 3479 3480 
22388 11537 36412 14877 6522 
22388 2153 257 
22388 11537 20965 8501 12324 
22388 11537 10466 20413 36253 
22388 11537 20965 2107 
22388 11537 297 270 2143 
22388 11537 11317 46832 
22388 11537 10466 21976 
22388 11537 20965 23911 4538 
22388 11537 6509 26677 11703 
22388 11537 17579 1237 9274 
22388 11537 20965 8501 1887 199721 
22388 11537 4600 3701 6377 
22388 11537 2907 17687 
22388 11537 20965 1853 760 
22388 11537 20965 2200 29110 
22388 11537 20965 8517 5474 
22388 11537 22335 32698 32464 
22388 11537 2603 224 58302 
22388 11537 3112 {600} 
22388 7575 38022 55702 
22388 11537 10886 11131 
22388 11537 20965 680 60344 60344 
22388 11537 20965 2200 
22388 11537 3807 
22388 11537 27750 27817 14080 262245 
22388 11537 54308 
22388 7575 10106 
22388 11537 20965 786 201773 
22388 11537 2907 24264 
22388 11537 237 393474 393474 
22388 11537 81 18538 
22388 11537 20965 8501 16263 
22388 11537 20388 3267 29581 
22388 11537 10886 16692 
22388 293 10702 
22388 11537 20965 1853 30971 1921 
22388 11537 6509 376 
22388 11537 20965 378 5585 1680 3288 
22388 11537 22335 6325 29885 
22388 11537 2907 9991 
22388 11537 2907 23796 
22388 11537 30700 7029 13327 
22388 11537 11096 393309 
22388 11537 20965 2107 12785 
22388 11537 20965 559 3320 3303 48751 
22388 7575 56132 132158 
22388 11537 20965 8501 12324 199936 
22388 11537 22335 20130 
22388 11537 2603 8674 31529 51966 
22388 11537 297 270 372 
22388 11537 36412 11834 
22388 7660 17579 1237 6068 
22388 11537 22335 7968 
22388 11537 2603 8674 31529 
22388 11537 20965 559 50837 
22388 11537 20080 46764 
22388 11537 36412 14877 
22388 11537 237 30154 
22388 11537 20965 5408 8643 
22388 11537 10466 32162 32162 
22388 11537 27750 11340 23140 
22388 7660 24287 24489 23911 9401 
22388 11537 6509 271 
22388 11537 237 
22388 11537 7575 9348 
22388 11537 2907 55911 
22388 11537 10578 1742 13315 
22388 11537 10490 2637 2637 2637 47065 
22388 11537 22335 
22388 11537 20388 3267 6868 
22388 11537 6509 21640 2680 
22388 2153 2152 40498 11996 
22388 11537 27750 1916 10881 53046 
22388 668 768 22 
22388 2153 2152 14212 
22388 11537 14041 
22388 11537 20965 8501 8865 
22388 11537 10764 513 25152 
22388 11537 3112 13946 
22388 11537 10466 21976 18794 
22388 11537 20965 2614 16220 
22388 11537 54234 
22388 11537 6509 15296 16623 
22388 11537 32440 54529 
22388 11537 18592 8151 262920 
22388 11537 2495 11659 
22388 11537 20965 36944 2018 8094 8094 8094 
22388 11537 27750 1916 28571 28571 28571 28571 28571 28571 28571 28571 
22388 2153 40498 209 54249 
22388 11537 27750 27817 13489 27805 52488 
22388 11537 20965 8501 12324 197552 
22388 11537 27750 1916 262876 
22388 11537 6509 26677 54397 
22388 7660 3661 
22388 11537 20965 2602 
22388 11537 237 393581 
22388 11537 22335 6325 29993 
22388 11537 20965 12687 
22388 11537 3128 7050 
22388 11537 27750 27841 27947 262212 
22388 7660 9270 9452 
22388 11537 2153 2152 567 226 27609 
22388 11537 20965 2614 50944 
22388 11537 14085 4557 
22388 11537 2907 2523 
22388 11537 14085 16905 33148 
22388 11537 20965 12046 
22388 11537 10886 22767 
22388 7660 24287 24489 24167 
22388 11537 46435 11808 11808 11808 
22388 7575 38022 132003 
22388 11537 10886 5723 
22388 11537 36412 14877 22198 
22388 11537 17579 1237 18297 
22388 11537 10466 20413 36253 18630 
22388 11537 22335 6325 53695 
22388 11537 11096 7202 
22388 7660 17579 1237 18034 
22388 11537 27750 3597 4270 52442 
22388 11537 20965 5538 24620 
22388 2153 2152 30193 
22388 11537 32440 
22388 11537 6509 15296 53403 
22388 11537 3112 26898 
22388 11537 20965 2847 44358 
22388 7660 23855 133600 
22388 11537 
22388 11537 6509 26677 6642 
22388 11537 6509 8111 30256 
22388 11537 20965 8501 50561 61216 61216 61216 61216 
22388 11537 1251 53187 
22388 11537 20080 19226 
22388 11537 7575 58584 
22388 7660 24475 4621 10227 
22388 7575 24437 55813 
22388 11537 20965 1853 16314 
22388 11537 47862 57171 
22388 11537 6509 26806 22950 
22388 11537 6509 271 36000 
22388 11537 20965 559 29208 15685 6881 12654 
22388 11537 32440 26002 
22388 293 43 
22388 11537 6509 15296 19423 
22388 11537 4901 11039 
22388 7660 9821 131281 
22388 11537 17579 1237 7564 
22388 11537 20965 2200 789 
22388 11537 27750 27807 11694 
22388 11537 10490 3450 46512 
22388 11537 11096 36843 
22388 7575 56303 
22388 11537 237 13325 
22388 11537 6509 271 55185 
22388 7660 18125 
22388 11537 6509 376 13552 
22388 11537 10886 5723 77 
22388 11537 6509 26677 819 822 
22388 11537 20965 5408 8762 
22388 11537 20965 6802 5421 
22388 11537 20965 1853 41915 
22388 11537 20965 8517 9095 
22388 11537 27750 
22388 11537 20965 680 16108 
22388 2153 2152 567 4 
22388 11537 27750 3597 4270 5692 
22388 11537 10764 
22388 11537 2603 1653 2841 
22388 11537 6509 26677 22766 
22388 11537 20965 5408 15536 
22388 11537 17579 1237 9489 
22388 11537 22335 29825 
22388 7660 2907 1103 
22388 2153 25 2152 393282 
22388 11537 57 40497 
22388 11537 10886 102 
22388 11537 20965 8517 8678 
22388 11537 10578 10561 
22388 11537 27750 3597 4270 52424 
22388 11537 20388 3267 2683 12925 
22388 11537 7575 38076 38076 38076 38076 38076 38076 
22388 11537 81 20197 
22388 11537 18592 8151 3548 
22388 11537 20965 1853 1117 
22388 11537 27750 1916 10881 28193 
22388 7575 38022 55485 
22388 11537 20965 680 34520 
22388 668 228 
22388 11537 32440 25968 
22388 11537 17579 1237 23570 
22388 11537 27750 52470 263683 
22388 11537 14085 16905 30696 40661 
22388 11537 40220 225 225 
22388 2153 2152 21545 
22388 11537 11317 7896 
22388 11537 27750 27817 27951 
22388 11537 27750 3597 3449 
22388 11537 32440 22985 
22388 11537 32440 17244 
22388 2153 7377 
22388 11537 10578 1351 11686 
22388 11537 20388 3267 2875 
22388 11537 20965 786 44110 
22388 11537 40387 14834 
22388 11537 20965 1955 13092 13303 
22388 11537 3754 5719 
22388 11537 6509 376 11032 11032 11032 11032 
22388 2153 2152 26066 26066 
22388 11537 6509 26677 29872 
22388 11537 27750 1916 16891 
22388 11537 20965 8501 15798 
22388 11537 6509 26677 549 802 
22388 7660 23911 4538 4843 
22388 11537 6509 26677 12093 
22388 11537 2721 2722 
22388 11537 11096 46310 
22388 11537 20965 8501 1887 48183 
22388 7660 24287 24490 38229 56288 
22388 7660 3662 3363 3363 
22388 7575 56219 
22388 2153 2152 21924 
22388 11537 20965 2200 2450 
22388 11537 10578 11499 
22388 11537 20965 766 25285 
22388 7575 38022 38319 
22388 11537 2603 1653 2833 
22388 11537 11096 26851 
22388 11537 2153 2152 567 226 127 
22388 11537 14085 302 54700 
22388 11537 20080 3681 
22388 2153 2152 23024 
22388 7660 24287 24490 24514 
22388 11537 20965 786 60187 
22388 11537 5050 7925 23361 
22388 11537 2153 2152 567 226 47065 
22388 11537 27750 1916 262534 
22388 11537 47862 33847 
22388 11537 20965 766 31951 
22388 11537 11317 33189 22851 
22388 11537 11096 33670 
22388 11537 5050 1207 
22388 11537 20965 2200 29199 56774 
22388 11537 20965 137 51708 51708 51708 51708 51708 
22388 7660 24287 24490 55824 4758 
22388 7660 24287 24490 55824 132995 
22388 11537 20388 3267 5433 39161 
22388 11537 2603 1653 2839 8973 
22388 11537 14085 276 14104 
22388 11537 2907 55904 
22388 11537 2907 23623 
22388 2153 2152 54048 15121 
22388 11537 2603 1835 5491 
22388 2153 567 25789 
22388 11537 6509 26677 549 54070 
22388 11537 20965 8517 60881 
22388 11537 3112 600 17089 17089 17089 17089 
22388 11537 6509 15296 62623 
22388 11537 20388 3267 198588 
22388 7660 9270 1704 
22388 11537 20965 2200 2418 
22388 11537 20388 50139 3058 34862 
22388 11537 6509 26806 20218 
22388 7660 2500 23634 
22388 11537 10490 3464 27622 27622 27622 27622 27622 27622 
22388 11537 27750 3597 28109 
22388 11537 40387 
22388 2153 2152 21828 
22388 11537 20965 786 33967 
22388 11537 160 
22388 293 2936 
22388 7660 9270 1781 
22388 7660 9821 23862 
22388 7660 9264 17713 
22388 11537 6509 26677 17353 
22388 11537 6509 26300 26206 
22388 11537 1251 263313 
22388 11537 14041 13555 39990 
22388 7660 24475 4621 55545 
22388 11537 27750 1916 53164 
22388 293 16 
22388 11537 20965 36944 2018 8094 8094 
22388 11537 10886 3527 
22388 11537 81 46963 
22388 11537 20388 3267 60928 
22388 668 37 
22388 11537 10764 513 28810 
22388 11537 7539 17716 
22388 11537 32440 30564 
22388 11537 20965 2200 1725 
22388 11537 27750 1916 11242 28579 
22388 11537 2603 1653 43018 
22388 11537 10490 10631 
22388 11537 10578 54722 
22388 11537 27750 1916 12654 
22388 11537 20965 680 199578 9020 
22388 11537 3112 31777 
22388 11537 20965 1853 49488 49488 
22388 24 
22388 11537 11317 2698 6122 14513 
22388 11537 10490 3464 11109 
22388 11537 101 10430 15199 
22388 11537 20965 766 15488 
22388 11537 10578 1351 26385 
22388 11537 10497 
22388 11537 20388 3267 3218 
22388 11537 27750 1916 10417 10417 10417 
22388 11537 17579 1237 9275 
22388 11537 2381 33503 
22388 11537 14085 276 18 
22388 11537 20965 786 198863 198863 198863 198863 
22388 11537 10490 2722 12148 
22388 11537 2153 567 47 
22388 11537 19782 1767 46149 
22388 11537 14041 2648 
22388 11537 14041 194 
22388 11537 20388 3267 57010 
22388 11537 10578 14325 14325 14325 32125 
22388 11537 20965 1853 30971 
22388 11537 2907 2506 
22388 11537 20965 5408 31563 
22388 11537 297 
22388 11537 20080 3681 4511 
22388 11537 11096 17342 
22388 11537 20965 2614 43703 
22388 7575 24433 
22388 11537 11317 33189 11736 
22388 11537 20965 2107 28933 28933 28933 28933 
22388 2153 25 
22388 2153 195 14518 
22388 11537 22335 6325 40038 
22388 11537 20388 3267 8325 8325 8325 8325 8325 8325 8325 8325 8325 8325 8325 
22388 11537 2907 37914 
22388 11537 27750 27841 27820 
22388 7660 24287 24489 
22388 11537 20965 8501 1887 48395 
22388 11537 5078 16922 
22388 7660 9270 10052 
22388 11537 27750 27817 14080 262158 
22388 11537 14085 276 13998 
22388 7660 24475 4621 23919 
22388 2153 195 22213 
22388 11537 11317 46832 11348 
22388 2153 40498 
22388 11537 10490 2637 
22388 11537 14085 16905 33148 18777 
22388 11537 6509 21640 10533 10570 
22388 11537 10886 1701 
22388 11537 20965 1213 2128 
22388 7660 24475 4621 4762 
22388 11537 20388 3267 29147 
22388 11537 20965 2200 1303 
22388 11537 11096 17202 
22388 11537 20965 2614 25304 
22388 11537 30700 7029 
22388 11537 11317 2572 393750 
22388 7575 6360 
22388 11537 14041 16496 36691 
22388 11537 3754 46158 
22388 11537 73 
22388 11537 20965 21274 60744 
22388 11537 10578 63 
22388 2153 2152 46749 
22388 11537 2907 24470 
22388 7660 23911 4538 18011 
22388 11537 20965 2847 48053 
22388 11537 14041 53471 32170 
22388 11537 20388 3267 8325 8325 8325 8325 8325 8325 8325 8325 8325 8325 
22388 11537 14085 16905 30696 46258 
22388 7660 2500 
22388 11537 23796 
22388 11537 27750 1916 1251 53166 
22388 11537 14085 10421 46476 
22388 11537 40581 30408 
22388 11537 7575 45158 
22388 11537 10466 20413 46224 
22388 11537 20965 680 35704 
22388 11537 20965 680 49234 
22388 11537 27750 3597 4270 52314 
22388 11537 20388 3267 30911 
22388 11537 57 
22388 11537 32440 40189 14940 
22388 11537 20965 5408 8522 
22388 11537 2603 1741 30754 
22388 11537 14085 16905 18791 
22388 11537 20965 47623 
22388 2153 2152 16573 
22388 11537 2907 37917 
22388 11537 10490 3479 18759 
22388 11537 14085 4557 3634 
22388 11537 20965 1103 3333 2121 
22388 11537 6509 26677 29773 
22388 7660 4641 4641 18366 18368 
22388 11537 3112 46491 
22388 11537 2153 2152 567 226 
22388 2153 2152 46290 
22388 11537 11317 2698 6122 53262 53262 53262 53262 53262 
22388 11537 6509 26677 549 10265 
22388 11537 22335 6325 63014 
22388 11537 20965 3221 
22388 7575 38022 681 
22388 11537 6509 26677 25728 
22388 11537 3754 6124 
22388 7660 24287 24490 132106 56032 
22388 11537 11096 18553 
22388 11537 20965 1103 25152 
22388 11537 20388 3267 3351 
22388 11537 20965 36944 37532 
22388 11537 10466 32162 20038 
22388 11537 40220 16643 
22388 11537 20965 8501 21182 
22388 11537 40220 22299 26202 
22388 2153 2152 5783 
22388 11537 5050 
22388 11537 10886 6629 3477 40623 
22388 11537 20965 12687 24893 24893 24893 24893 50325 50325 
22388 11537 6509 26677 31782 
22388 7660 24287 24490 24514 132688 
22388 11537 2907 23800 
22388 11537 3754 30703 
22388 11537 20965 2611 16326 
22388 11537 10886 7847 
22388 11537 4901 11318 
22388 7660 4717 
22388 7660 9270 9270 
22388 7660 24475 4621 3839 
22388 11537 14085 10421 53809 
22388 11537 6509 271 36391 
22388 11537 3754 11872 
22388 11537 10578 13838 
22388 2153 2152 54048 
22388 7660 3836 38296 
22388 2153 2152 393282 
22388 11537 20965 1930 199155 
22388 11537 6509 26677 26071 
22388 11537 3754 12 
22388 7660 24287 24490 55824 55296 
22388 11537 27750 1916 52886 
22388 11537 20965 5538 51955 
22388 11537 32440 26333 
22388 2153 2152 22315 
22388 11537 20965 378 
22388 11537 20965 1853 8692 8692 8692 6883 
22388 11537 20080 5786 
22388 11537 2907 55379 
22388 11537 20965 786 29212 
22388 11537 3754 25935 
22388 11537 20965 1955 13092 
22388 11537 11096 36843 3681 
22388 11537 10886 6629 
22388 11537 14085 276 22864 
22388 11537 2907 4729 
22388 7660 24287 24490 24514 24090 
22388 11537 20965 137 16004 
22388 11537 30700 3714 1657 
22388 11537 2603 1880 1881 
22388 7575 23719 
22388 11537 10490 36441 
22388 7660 17579 1237 17856 
22388 11537 27750 27929 262166 
22388 11537 2603 1741 1739 
22388 11537 2907 17523 
22388 11537 20965 5408 6744 
22388 11537 297 270 22767 
22388 11537 14085 276 1970 
22388 11537 6509 26677 819 823 
22388 11537 6509 21640 25689 30123 
22388 11537 2603 50999 
22388 11537 2495 29955 
22388 7660 9355 
22388 11537 237 231 
22388 11537 36412 11534 
22388 11537 20965 1103 
22388 11537 6509 21640 25689 
22388 2153 2152 25995 
22388 11537 297 270 1749 
22388 11537 20965 2847 
22388 2153 2152 23309 
22388 11537 20965 2200 781 
22388 11537 18592 27666 
22388 11537 18592 
22388 7575 38022 24398 
22388 11537 17579 1237 
22388 11537 11317 2698 6122 26946 
22388 11537 20965 2614 49437 
22388 11537 10466 3778 
22388 2153 5739 
22388 11537 20965 21274 199561 
22388 11537 20965 1853 1114 
22388 7660 24287 24490 55824 55446 
22388 11537 22335 1842 1842 1842 
22388 11537 6509 26677 26288 
22388 11537 20965 12687 47306 
22388 11537 20965 8517 15390 15390 15390 
22388 11537 32440 25968 25968 
22388 7660 3662 4158 
22388 11537 101 10430 11863 
22388 7575 38022 38479 
22388 11537 20965 36944 37182 37496 
22388 7660 23911 4538 133475 
22388 11537 14041 13555 32920 
22388 11537 27750 1916 10881 263076 
22388 7660 24287 24490 38229 
22388 7660 
22388 11537 2603 224 42708 50304 60717 59863 
22388 11537 7575 38795 
22388 11537 20388 17579 1237 55616 
22388 11537 11096 4511 
22388 11537 2381 23301 
22388 11537 20965 2107 51988 
22388 11537 2495 16826 
22388 11537 11096 31999 
22388 11537 20388 50139 3058 2683 12925 
22388 7660 2500 2516 10010 
22388 11537 47862 51182 
22388 11537 20965 2200 2072 2094 
22388 2153 7377 26397 
22388 11537 27750 1916 1251 
22388 11537 17579 1237 45963 
22388 11537 14085 4557 30049 
22388 668 15147 
22388 7575 58611 
22388 11537 32440 26303 
22388 11537 27750 1916 
22388 11537 20388 3267 6671 
22388 11537 2907 10014 
22388 11537 2907 38641 
22388 11537 297 270 1202 
22388 2153 567 14486 
22388 11537 6509 26677 
22388 11537 20965 1853 47515 
22388 11537 19782 87 
22388 11537 27750 27841 27947 
22388 11537 2603 1653 2839 5601 
22388 11537 5050 1206 
22388 11537 22335 6325 7968 
22388 11537 20965 8517 34478 
22388 11537 20388 3267 28800 
22388 11537 3754 20252 
22388 11537 14085 276 16461 
22388 11537 22742 25691 
22388 2153 2152 54048 7412 
22388 11537 27750 3597 4270 27875 
22388 11537 27750 1916 10881 11751 
22388 11537 10578 557 
22388 11537 81 32417 
22388 11537 10490 7212 26335 
22388 11537 14085 16905 33148 20160 
22388 11537 20388 3267 39866 
22388 11537 27750 27817 21578 
22388 11537 14041 54393 54393 54393 
22388 11537 20388 3267 29493 
22388 11537 6509 26806 
22388 7660 23911 4538 
22388 11537 14085 302 11015 
22388 11537 22335 11417 
22388 11537 11096 36843 46093 
22388 11537 7575 132693 
22388 11537 20388 3267 5467 25100 
22388 7660 24287 24490 132106 
22388 7660 24287 24489 24167 9264 18422 
22388 11537 20965 559 8220 43189 
22388 7575 38022 9431 
22388 2153 40498 3912 
22388 11537 20965 680 1754 
22388 7660 24287 24490 55824 58590 58590 58590 58590 58590 58590 58590 
22388 11537 210 
22388 11537 2907 55390 
22388 11537 27750 1916 28301 
22388 11537 2603 1653 3224 
22388 11537 14085 16905 589 
22388 11537 3128 19184 
22388 11537 101 47065 73 47065 
22388 11537 18592 278 21603 
22388 11537 7575 38307 
22388 11537 2907 55380 
22388 11537 27750 3597 4270 28107 
22388 11537 22335 6325 1416 1416 1416 1416 1416 1416 1416 
22388 7660 9367 
22388 11537 2907 9591 
22388 2153 2152 22700 
22388 11537 22335 7386 
22388 7660 2500 17932 
22388 11537 20965 1853 39057 
22388 7575 23859 
22388 11537 237 20379 
22388 11537 10490 3452 
22388 11537 20965 21274 5498 
22388 11537 22335 31770 
22388 11537 3754 13972 
22388 11537 14085 16905 30696 14354 
22388 7660 9270 17866 
22388 11537 20965 8501 21274 57331 
22388 11537 20965 8517 5474 5474 5474 
22388 11537 101 7774 
22388 11537 27750 1916 1251 52914 
22388 11537 11317 33189 11607 
22388 11537 2495 11659 11659 11659 11659 
22388 11537 293 3443 
22388 11537 30700 10437 
22388 11537 10578 1742 32318 
22388 11537 10466 20413 
22388 11537 101 10430 31766 31766 31766 31766 31766 
22388 11537 17579 1237 45379 
22388 11537 2907 4730 
22388 11537 5078 
22388 11537 10466 88 
22388 11537 20965 8501 9112 41385 
22388 11537 32440 54311 
22388 11537 19782 
22388 11537 47862 57143 
22388 11537 11096 7939 
22388 11537 20965 2200 2202 
22388 7660 24287 
22388 11537 40581 5090 
22388 11537 20080 20243 
22388 11537 46435 
22388 11537 20965 21274 50686 
22388 7660 3662 4616 
22388 11537 29384 29384 29384 29384 29384 29384 
22388 11537 6509 26677 33389 
22388 11537 20965 8501 50561 
22388 11537 11096 16393 
22388 11537 7575 58528 
22388 668 5957 
22388 11537 10490 12005 
22388 668 1655 
22388 11537 20965 1853 35052 
22388 2153 32 
22388 11537 20388 50139 2895 2587 
22388 11537 297 270 1701 
22388 7660 56218 
22388 11537 11096 5661 
22388 11537 10578 1351 
22388 7660 23911 4538 9406 
22388 11537 20388 50139 5568 
22388 11537 2381 393257 
22388 11537 20965 786 15770 15770 15770 
22388 11537 20965 680 8519 
22388 7660 24475 4621 9903 
22388 11537 18592 15236 
22388 11537 10886 10886 
22388 11537 5050 12118 
22388 7660 24287 24490 18007 4796 
22388 11537 20965 137 2597 
22388 11537 20388 3267 3277 3277 
22388 11537 6509 10965 
22388 7660 24287 24490 55824 23770 23770 23770 23770 23770 
22388 11537 2495 15116 
22388 7660 3662 7651 
22388 11537 20965 5408 2546 
22388 7660 24475 4621 9551 9551 9551 9551 
22388 11537 20965 1103 20507 
22388 11537 10578 14325 14325 14325 
22388 11537 10466 4246 
22388 11537 20388 17579 1237 9849 
22388 11537 20965 2614 3233 
22388 11537 20965 1213 42310 
22388 11537 20388 50139 3058 12724 
22388 7660 9821 132795 
22388 11537 27750 1916 1251 28637 
22388 668 48 
22388 11537 5050 3999 3999 3999 
22388 11537 2907 18276 
22388 11537 237 47052 
22388 7660 2500 7500 7500 
22388 11537 6509 15296 393468 
22388 11537 57 30220 
22388 7660 2500 4718 
22388 668 518 
22388 11537 22335 6325 7386 
22388 11537 11096 13406 
22388 11537 11317 7896 11714 11546 
22388 11537 19782 1767 
22388 7660 24287 24490 24514 134107 
22388 7660 24475 
22388 11537 20965 36944 36914 36914 36914 
22388 7660 37889 
22388 11537 2603 1653 12384 
22388 7575 24101 
22388 11537 10490 2722 2721 13548 
22388 11537 27750 1916 11242 263300 
22388 11537 20965 2852 197451 197451 
22388 11537 2907 7531 
22388 11537 5050 46404 3783 
22388 11537 22335 32698 26367 
22388 11537 81 22753 
22388 11537 27750 27807 27893 17287 
22388 11537 6509 26677 26802 
22388 11537 14041 12145 31991 
22388 11537 7575 38022 24318 
22388 11537 20965 1955 6711 
22388 11537 20388 50139 2683 
22388 11537 81 36850 
22388 11537 20965 680 8519 288 
22388 11537 14085 16905 30674 
22388 11537 6509 26677 31983 
22388 11537 30700 7029 33632 
22388 11537 2603 1653 25072 
22388 11537 2907 37895 
22388 11537 20965 8501 1887 25495 
22388 11537 14085 276 26971 
22388 11537 18592 28550 3454 
22388 11537 6509 26677 30638 30638 
22388 11537 2603 8674 25192 
22388 11537 2907 2513 
22388 11537 101 10430 55268 
22388 11537 20388 3267 200686 
22388 11537 20080 11340 27676 
22388 11537 10578 
22388 11537 6509 15296 16580 
22388 11537 20965 8517 8456 
22388 11537 20965 8501 24848 48227 
22388 11537 20965 8501 1887 196802 
22388 11537 27750 3597 4270 27770 
22388 2153 6360 25640 
22388 7660 7497 
22388 2153 195 195 
22388 7660 24287 24490 
22388 11537 2907 2501 
22388 11537 3128 
22388 11537 20965 2200 2484 
22388 11537 20965 2611 198559 
22388 11537 7575 58582 
22388 11537 20965 1103 1147 1147 1147 1147 1147 1147 
22388 11537 20965 8501 15373 
22388 11537 14085 16905 30696 393273 
22388 7660 24287 24490 24514 132494 
22388 11537 11096 20080 3681 4511 
22388 11537 20965 8501 1887 15665 
22388 11537 20965 680 39835 39835 
22388 11537 81 27446 27446 27446 27446 27446 27446 27446 27446 27446 46604 
22388 11537 20965 1930 12833 
22388 11537 27750 1916 11242 
22388 11537 20965 12687 29599 
22388 11537 20965 2611 49046 
22388 11537 36412 14877 62989 
22388 11537 2907 17943 17943 
22388 11537 10466 21976 205 205 205 205 205 205 
22388 11537 10466 34 
22388 11537 10886 6059 36413 
22388 11537 20965 12687 13032 
22388 7660 45688 
22388 11537 14085 16905 30696 11353 
22388 7660 9270 9708 
22388 11537 20965 1930 30129 
22388 11537 22742 29867 
22388 11537 3754 91 
22388 11537 20965 786 199131 
22388 7660 2500 131158 
22388 11537 20965 2614 199513 
22388 2153 2152 54048 26421 
22388 11537 27750 3597 4270 263235 
22388 11537 237 229 
22388 11537 20965 2200 2259 
22388 2153 2152 23323 
22388 11537 20388 3267 29195 
22388 11537 20965 2852 197277 
22388 11537 557 
22388 11537 20388 3267 41566 41566 41566 
22388 11537 20965 786 44442 
22388 2153 11293 
22388 11537 20965 680 34878 
22388 11537 27750 1916 10881 13522 
22388 11537 20965 12687 50569 
22388 11537 10578 11745 
22388 11537 20965 680 199578 
22388 11537 20388 3267 6874 201302 
22388 11537 27750 1797 
22388 11537 20965 8517 15406 
22388 11537 40220 22299 
22388 11537 6509 26677 32817 
22388 11537 20388 50139 2895 
22388 11537 3128 46103 
22388 11537 20965 1853 1120 200070 
22388 7660 23855 7610 
22388 11537 40220 22845 22845 22845 
22388 11537 20965 12687 47743 
22388 11537 6509 15296 32716 
22388 11537 6509 8111 23307 
22388 11537 20965 5408 8700 
22388 7660 24287 24490 55824 55566 
22388 7660 2500 2497 
22388 11537 2907 58647 
22388 11537 18592 8151 3596 
22388 11537 27750 27929 
22388 11537 14041 36704 
22388 11537 3754 22693 
22388 11537 32440 23207 
22388 11537 22335 6325 26367 
22388 11537 10886 2532 
22388 11537 6509 376 566 
22388 11537 10578 14325 14325 14325 46722 
22388 11537 10490 3512 
22388 11537 6509 21640 818 74 
22388 11537 14085 16905 20162 20162 20162 20162 20162 
22388 11537 2907 17701 
22388 11537 7575 7637 
22388 11537 7575 24390 
22388 11537 2907 59104 
22388 11537 20965 1853 1205 
22388 2153 2152 40498 3912 
22388 11537 20965 8501 25468 31381 31381 
22388 11537 20388 3267 29233 29233 
22388 11537 6509 376 32555 
22388 11537 2907 58784 
22388 11537 6509 26677 549 46626 
22388 11537 20965 766 198878 
22388 11537 2603 1880 
22388 11537 2907 55373 
22388 11537 20965 2200 1723 2065 
22388 11537 19782 17 
22388 11537 20965 786 196902 
22388 11537 20965 378 50995 
22388 11537 1251 28571 
22388 11537 20965 2200 1723 2065 44850 
22388 11537 20965 8517 12777 
22388 11537 3112 40732 
22388 11537 20965 8517 24922 
22388 11537 14085 4557 8 
22388 11537 20965 197118 
22388 11537 10490 3479 
22388 11537 20965 8517 8466 
22388 11537 2603 1653 2843 
22388 11537 11317 2572 27515 
22388 11537 2907 23799 
22388 7660 9270 4665 
22388 11537 20965 1103 1124 
22388 11537 20965 5408 20813 
22388 11537 62600 1706 
22388 11537 4600 3701 
22388 11537 6509 26677 549 13733 
22388 11537 20965 2200 1938 
22388 11537 27750 1916 2715 
22388 11537 3754 22990 
22388 11537 237 19106 19106 19106 
22388 11537 20965 6802 48155 
22388 11537 20965 2614 6746 6830 20820 
22388 7660 24475 4621 9486 
22388 11537 20965 5408 47616 
22388 7660 24287 24490 24514 133014 
22388 11537 20965 2847 5479 
22388 11537 38 
22388 11537 20965 2200 1948 
22388 11537 2603 1741 39857 
22388 11537 101 10430 54032 54032 
22388 11537 2153 2152 567 226 4 
22388 11537 3754 21991 
22388 2153 2152 567 127 
22388 11537 10578 14325 14325 14325 40043 40043 
22388 7575 38022 133928 
22388 11537 5050 46404 
22388 11537 10886 6629 3477 10871 
22388 11537 20965 2614 39737 50940 50940 50940 50940 50940 
22388 11537 7575 38307 38858 
22388 11537 11096 
22388 11537 6509 26677 32762 
22388 11537 11317 46832 26934 26934 26934 26934 26934 26934 
22388 293 11678 
22388 11537 14085 302 46298 
22388 11537 27750 1916 264466 
22388 11537 11317 2572 
22388 11537 20965 2611 
22388 11537 14085 
22388 7575 38022 9432 
22388 11537 5078 8036 8036 8036 8036 8036 
22388 7660 9821 63848 
22388 11537 20965 5408 199399 
22388 11537 40220 
22388 11537 22335 6325 19070 
22388 11537 20388 50139 2895 201421 
22388 7660 9264 1659 9916 
22388 11537 2603 224 
22388 2153 2152 54048 46867 46867 
22388 11537 20965 2108 
22388 2153 2152 23483 
22388 11537 20965 1103 1142 
22388 11537 2603 1741 39098 
22388 11537 10490 2722 2721 13429 
22388 7660 9821 133064 132246 
22388 2153 2152 40498 
22388 11537 20965 1955 31581 
22388 11537 20965 680 
22388 11537 10490 3450 
22388 2153 6360 
22388 11537 6509 26677 32157 
22388 11537 27750 11340 
22388 11537 3112 17135 17135 
22388 11537 20965 3268 198336 
22388 11537 6509 8111 
22388 7660 23911 23910 24348 24409 
22388 11537 2153 2152 567 226 5726 3832 
22388 11537 6509 376 40206 
22388 7660 24287 24490 55824 55741 
22388 11537 47862 61137 
22388 11537 57 1998 
22388 11537 20965 8517 31689 
22388 11537 6509 26677 25728 25728 25728 25728 
22388 11537 14085 302 19708 
22388 11537 27750 3597 4270 27993 
22388 11537 17579 1237 45984 
22388 11537 11317 2698 6122 31871 
22388 7660 24475 4621 9533 
22388 11537 101 73 
22388 11537 6509 26300 
22388 2153 2152 10867 
22388 11537 36412 14877 10448 
22388 11537 46435 33281 
22388 11537 20965 680 41289 
22388 11537 7539 
22388 11537 22335 46101 
22388 11537 27750 27817 14080 262226 
22388 11537 20965 2200 2263 
22388 2153 31 
22388 293 63331 
22388 7660 24287 24490 132106 56031 
22388 11537 20388 3267 42289 
22388 11537 2907 23615 
22388 11537 27750 11340 26610 26610 26610 
22388 11537 20965 1103 288 
22388 11537 101 10430 11548 
22388 11537 18592 6503 
22388 11537 40220 40151 1201 
22388 11537 20388 3267 49929 
22388 11537 6509 26677 16475 
22388 11537 27750 1916 11284 
22388 11537 3754 1747 
22388 293 291 
22388 11537 20965 1955 2547 
22388 11537 6509 26677 63359 
22388 11537 20388 3267 5480 16308 
22388 11537 6509 26677 549 
22388 11537 55 46274 
22388 7660 24287 24490 24514 45344 
22388 11537 20965 786 60187 57377 
22388 11537 81 6559 27549 
22388 293 3443 
22388 11537 18592 28390 
22388 11537 20965 559 39792 12654 
22388 2153 2152 33021 
22388 11537 20965 137 2596 
22388 11537 297 270 
22388 11537 10490 6112 
22388 7660 24287 24489 23911 4538 7497 
22388 11537 2907 17944 
22388 11537 20965 2614 51098 
22388 11537 32440 40189 
22388 7660 3662 7650 
22388 11537 20388 3267 2848 
22388 11537 101 10430 33427 
22388 7660 24475 4621 17479 
22388 11537 10886 6059 393650 
22388 2153 2152 22226 
22388 7660 24287 24490 24514 59263 
22388 11537 2495 22245 
22388 11537 20080 
22388 11537 20388 3267 56434 
22388 11537 20388 3267 8790 
22388 7575 38022 38473 
22388 11537 20965 2200 7500 
22388 11537 3754 3688 
22388 11537 11096 19658 
22388 11537 22335 6325 22887 
22388 11537 20965 2200 2439 
22388 293 3431 
22388 7660 3662 
22388 11537 101 10430 30198 30198 30198 
22388 11537 237 46419 
22388 11537 20965 680 33848 
22388 11537 27750 1916 1251 52954 
22388 11537 20965 766 25572 
22388 11537 20965 197118 43030 
22388 11537 30700 3714 14271 
22388 11537 2907 59096 
22388 11537 3754 20 
22388 11537 27750 1916 262857 
22388 11537 18592 28385 
22388 11537 20388 3267 5467 47258 
22388 11537 20965 8501 1887 197005 
22388 11537 27807 
22388 11537 3754 11452 
22388 11537 14085 16905 30696 36037 
22388 7660 24287 24490 24514 38868 
22388 11537 18592 18734 2708 
22388 11537 20965 2611 31511 
22388 11537 27750 3597 27790 
22388 7575 6262 
22388 11537 20965 12687 50569 35296 
22388 11537 2603 1653 48514 
22388 11537 6509 26677 19764 
22388 11537 36412 3782 
22388 11537 27750 3597 4270 61496 
22388 11537 11317 2698 6122 15140 15140 
22388 11537 2603 1835 
22388 11537 6509 26677 549 22172 
22388 293 50 
22388 11537 6509 15296 22512 22512 
22388 7660 24287 24490 24514 45808 
22388 11537 27750 27841 27947 28027 
22388 11537 40387 38 
22388 11537 6509 271 33314 
22388 7660 9270 
22388 11537 30700 7029 10921 
22388 11537 14085 276 14373 
22388 11537 10466 21976 205 
22388 11537 3112 22736 
22388 11537 2907 18128 
22388 11537 2907 7509 
22388 11537 10490 10364 
22388 11537 557 17152 
22388 11537 14041 393869 
22388 2153 2152 20343 
22388 11537 20965 786 44403 44403 
22388 2153 6192 
22388 7575 38022 55747 
22388 11537 6509 376 31930 
22388 11537 27311 
22388 293 683 
22388 11537 2907 45673 
22388 11537 14041 13555 
22388 11537 20965 3208 
22388 11537 6509 26677 15158 
22388 11537 20965 2611 42744 
22388 11537 57 33692 
22388 11537 14085 16905 33148 18560 
22388 11537 20965 1103 12315 
22388 11537 2495 393401 
22388 11537 10578 1742 
22388 11537 10490 3450 14209 
22388 7660 24287 24490 24514 58812 
22388 11537 20388 3267 5468 44868 
22388 11537 6509 271 32956 
22388 7660 24287 24490 55824 133037 
22388 11537 2603 
22388 11537 2603 1653 15980 
22388 11537 47862 52216 
22388 11537 27750 1916 10881 
22388 11537 20965 40981 
22388 11537 20965 786 29626 
22388 11537 101 47065 
22388 2153 6106 
22388 11537 20965 3268 
22388 11537 11317 7896 11714 1252 1252 
22388 7660 9264 131146 
22388 11537 14085 16905 30696 
22388 11537 20965 1853 1112 
22388 11537 3112 19616 
22388 11537 59 
22388 668 84 
22388 11537 20965 766 197829 197829 
22388 11537 20965 2611 15383 
22388 7660 9821 132792 
22388 11537 57 36784 
22388 11537 4600 14262 6366 
22388 11537 20965 680 13167 
22388 11537 20965 786 49726 
22388 11537 27750 27807 19192 
22388 11537 3676 3676 6122 31871 
22388 2153 567 16408 
22388 11537 4901 32064 
22388 11537 20965 1853 39837 42729 
22388 11537 20965 786 31256 
22388 11537 11317 2698 6122 
22388 7660 9264 18183 
22388 11537 32440 25968 25968 25968 25968 
22388 11537 5050 4130 
22388 11537 14041 13555 32215 32215 
22388 11537 27750 1916 11242 10715 
22388 11537 20965 1213 
22388 11537 10578 14325 14325 14325 14348 
22388 11537 2907 58785 
22388 11537 27750 3597 4270 27883 
22388 11537 2603 1653 42307 
22388 11537 20965 1103 1837 
22388 11537 22335 6325 
22388 11537 6509 26677 25826 
22388 11537 20965 8501 1887 24597 
22388 11537 3112 36794 
22388 11537 20965 1103 1104 
22388 11537 4901 
22388 11537 1251 53166 
22388 11537 7575 132728 
22388 7660 9270 9488 
22388 11537 57 17234 
22388 11537 81 11540 
22388 11537 14085 4557 11773 
22388 11537 20388 50139 3058 8409 
22388 11537 27750 52470 
22388 11537 57 26557 
22388 11537 20965 13092 13303 
22388 11537 36412 14877 29848 
22388 11537 27750 1916 262533 
22388 7660 24287 24490 55824 55847 
22388 11537 20965 36944 36914 36914 36914 36914 
22388 11537 24167 4528 
22388 11537 20965 36944 2018 
22388 7660 3662 4528 
22388 11537 20965 197118 197119 
22388 2153 2152 40498 11996 10381 
22388 11537 6509 26677 549 53566 
22388 11537 14085 16905 33148 22977 
22388 7660 9821 133064 133611 
22388 11537 2907 2508 
22388 11537 2907 59091 
22388 11537 20388 50139 2683 50707 
22388 11537 7575 56065 56065 56065 56065 56065 56065 56065 
22388 11537 297 3356 188 
22388 11537 10578 14325 14325 14325 11078 
22388 7575 7645 
22388 11537 7575 56132 
22388 11537 20965 786 7 
22388 11537 2381 25979 
22388 11537 20965 2200 775 
22388 7660 24475 4621 37932 
22388 11537 101 10430 3935 
22388 11537 14085 4557 16903 
22388 11537 22335 6200 
22388 11537 14048 16473 19956 
22388 11537 24167 
22388 11537 20965 2614 31313 25278 
22388 11537 2603 1835 42236 
22388 7660 24475 4621 
22388 11537 10466 21976 11094 
22388 2153 2152 2037 
22388 7575 38022 9433 
22388 11537 20388 3267 8663 
22388 11537 14048 11686 11686 11686 11686 
22388 11537 3112 14200 
22388 11537 7575 24390 38568 
22388 11537 22335 6325 63130 
22388 11537 10466 20413 54481 
22388 11537 36412 14877 22192 22192 
22388 11537 46435 11252 
22388 11537 10886 6059 
22388 11537 27750 1916 2715 21612 
22388 11537 513 513 513 61339 
22388 11537 1842 
22388 11537 20965 1955 25171 
22388 11537 20965 2107 58046 
22388 668 5978 
22388 11537 10466 21976 32450 32450 32450 32450 32450 32450 
22388 11537 20965 8501 1887 12464 
22388 11537 20080 27676 
22388 11537 2907 58652 
22388 11537 17579 1237 10162 
22388 11537 81 11442 
22388 11537 20965 2200 1708 
22388 11537 27750 27807 23007 
22388 11537 27750 27807 27892 
22388 11537 2381 2041 
22388 11537 20965 680 12654 
22388 293 3380 
22388 2153 2152 11293 
22388 11537 27750 1916 2716 61880 
22388 11537 10466 46 
22388 11537 10578 11745 29917 
22388 11537 14048 26723 
22388 11537 19782 25887 
22388 11537 14085 276 33683 
22388 11537 36375 
22388 11537 2907 24268 
22388 11537 20965 766 13041 
22388 11537 20965 680 20588 
22388 7660 9270 9686 
22388 11537 20965 2614 9199 
22388 11537 17934 
22388 11537 6509 26677 549 19925 
22388 11537 20388 3267 13077 13077 13077 
22388 11537 10886 1972 
22388 11537 18592 278 
22388 11537 20965 137 
22388 11537 101 10430 54032 54032 54032 
22388 11537 20965 12046 15892 
22388 2153 2152 14255 14255 
22388 11537 20965 12687 24893 24893 24893 24893 
22388 293 292 
22388 11537 32440 10349 10349 10349 10349 10349 10349 
22388 11537 7575 24510 
22388 11537 20965 12687 13032 29095 
22388 11537 54308 3586 
22388 11537 7575 38022 38906 
22388 11537 10886 6629 3477 
22388 11537 20965 47623 51090 51090 51090 
22388 11537 6509 26677 549 26996 
22388 7660 2907 1103 1888 
22388 11537 40498 11570 
22388 11537 2907 24248 
22388 11537 27750 3597 
22388 11537 14085 4557 25977 
22388 11537 20965 2847 51172 51955 
22388 11537 5078 40628 
22388 11537 11096 1830 
22388 11537 20965 1853 42685 
22388 11537 11096 22487 
22388 11537 5078 25776 
22388 11537 2153 2152 567 226 85 
22388 11537 20965 5538 8605 
22388 11537 30700 3714 3714 3714 3714 3714 3714 4323 22694 22694 
22388 11537 20965 766 197829 197829 197829 197829 
22388 11537 20965 8501 1887 25075 
22388 11537 2603 15474 25244 
22388 11537 3112 11050 
22388 11537 20965 766 
22388 11537 3676 
22388 11537 3112 32666 
22388 11537 20965 786 44403 44403 44403 44403 44403 44403 44403 44403 
22388 11537 27750 27807 27891 
22388 11537 20965 2611 199670 
22388 11537 57 6263 19530 
22388 11537 20965 2614 39815 
22388 11537 18592 2708 
22388 2153 22323 
22388 11537 14085 276 1970 22163 
22388 11537 57 21727 
22388 668 13 
22388 7660 24287 24489 24167 7539 
22388 11537 20965 20965 20965 20965 1930 57350 
22388 11537 20965 36944 2018 37501 
22388 11537 20388 3267 197768 
22388 11537 2603 1653 41992 
22388 11537 3112 20085 
22388 11537 237 46418 
22388 11537 2907 59111 
22388 11537 18592 7325 
22388 11537 54234 25656 
22388 7575 38022 38626 38626 38626 
22388 2153 2152 25664 
22388 11537 6509 26677 46757 
22388 11537 27750 27817 13489 27805 5722 
22388 7660 17956 
22388 11537 30700 7029 18660 
22388 11537 20965 8517 15843 
22388 7660 2907 1103 1124 
22388 11537 2603 2832 
22388 11537 2907 23781 
22388 11537 20388 3267 9162 
22388 11537 11017 
22388 11537 297 270 1254 
22388 11537 20965 766 25354 
22388 11537 20965 2611 21239 
22388 11537 6509 271 11105 
22388 11537 40220 11279 
22388 11537 14085 276 3794 
22388 11537 4600 4201 
22388 11537 10490 7212 
22388 11537 20965 8501 8326 
22388 11537 27750 1916 52992 
22388 11537 2153 2152 567 226 5726 
22388 11537 20965 786 42634 42634 
22388 11537 2907 23793 
22388 11537 1251 52888 
22388 2153 2152 27502 
22388 11537 7539 4782 
22388 11537 40387 1224 
22388 11537 10578 1351 33604 
22388 668 5058 
22388 11537 20965 680 680 553 60824 
22388 11537 27750 1916 10881 263083 263083 
22388 668 687 
22388 7660 23911 23910 
22388 11537 7539 18181 
22388 11537 47862 57163 
22388 11537 2907 2503 
22388 11537 20965 2200 2486 
22388 11537 3112 30712 53421 
22388 11537 101 10430 31766 
22388 293 54297 
22388 11537 57 7973 
22388 7575 38022 45787 
22388 11537 27750 1916 11242 10715 28614 
22388 11537 81 11426 
22388 7660 9821 133498 
22388 11537 2907 24260 
22388 11537 3754 11516 
22388 11537 6509 26677 549 19350 
22388 11537 20388 3267 8623 
22388 7660 4641 4641 18366 
22388 11537 2495 18460 
22388 11537 20965 6802 5421 5421 5421 
22388 11537 22335 27595 
22388 11537 20965 2614 61353 
22388 11537 20965 8501 8664 
22388 11537 20965 1955 31581 3219 
22388 11537 2907 37984 
22388 11537 2603 15474 
22388 7660 24287 24489 197118 
22388 11537 10466 
22388 11537 27750 1916 1251 52703 
22388 11537 2907 131897 
22388 11537 22335 103 
22388 7660 24287 24490 55824 9885 18101 4758 
22388 7660 24287 24490 55824 9885 4758 
22388 11537 5050 7925 
22388 11537 20388 3267 8411 
22388 11537 14048 11686 
22388 11537 32440 23366 
22388 7660 17579 1237 38685 
22388 11537 2603 224 59863 
22388 11537 20965 2200 2072 
22388 11537 20388 
22388 7660 4641 
22388 11537 10578 14325 14325 14325 14464 
22388 7660 2505 
22388 2153 2152 23489 
22388 11537 81 13371 
22388 7660 24287 24489 23911 7497 
22388 11537 6509 271 62692 
22388 11537 20965 1853 12991 
22388 11537 20965 8501 5550 
22388 11537 6509 15296 27275 
22388 11537 101 11956 {3477} 
22388 11537 11096 13755 
22388 7660 24287 24490 55824 133002 
22388 11537 513 513 513 
22388 7660 24287 24490 18007 4796 17922 7717 17974 7713 132660 
22388 11537 20965 1853 1113 
22388 11537 2153 6192 
22388 11537 20965 766 198096 
22388 11537 20965 1103 25182 
22388 11537 2907 131159 131159 
22388 11537 27750 27817 27951 5722 
22388 7575 38022 45787 45787 45787 45787 45787 
22388 7660 4641 4641 24151 
22388 293 3428 
22388 7660 23911 4538 4839 
22388 2153 32 46750 
22388 11537 20965 12687 31206 
22388 7660 24475 4621 24344 
22388 11537 101 10430 27183 
22388 11537 20965 559 23148 25152 
22388 11537 10578 156 156 156 
22388 11537 27750 1916 11242 19763 
22388 11537 6509 7860 
22388 11537 20965 2614 24839 
22388 7660 24287 24490 55824 38185 
22388 11537 14085 16905 30696 26675 
22388 11537 20388 3267 12770 12770 12770 12770 12770 12770 
22388 11537 22335 6325 15119 
22388 11537 2495 20177 
22388 11537 20965 786 8190 
22388 11537 20965 2200 50897 
22388 11537 20965 1103 1102 
22388 7660 3836 7588 
22388 11537 6509 26677 549 11851 
22388 11537 24167 7539 
22388 11537 20965 8501 9112 196887 
22388 11537 81 27446 27446 27446 27446 27446 27446 27446 27446 27446 
22388 11537 20965 12687 34776 
22388 11537 22335 32698 14381 
22388 11537 20388 3267 51751 
22388 11537 57 18454 
22388 11537 17579 1237 17595 
22388 11537 20965 6802 
22388 11537 20965 2614 8708 6693 
22388 11537 54234 16430 
22388 11537 2603 1653 2837 
22388 11537 6509 26677 549 32156 
22388 11537 20388 3267 31707 
22388 11537 20965 1103 1132 
22388 11537 18592 3640 
22388 11537 30700 3714 46153 46153 46153 46153 46153 46153 
22388 11537 237 46420 
22388 11537 20965 36944 2018 8094 
22388 11537 20388 3267 5433 
22388 11537 14041 12145 54060 
22388 11537 10466 7328 
22388 7660 24287 24490 24514 38280 
22388 11537 20965 5408 
22388 11537 20965 786 35299 35299 35299 35299 
22388 2153 195 1909 
22388 11537 20965 786 5503 
22388 11537 19782 693 
22388 11537 20965 137 197440 
22388 11537 20965 378 41116 41116 41116 41116 41116 
22388 11537 237 393665 
22388 7660 23855 23767 
22388 11537 10578 1968 46905 46905 
22388 11537 3112 26818 
22388 11537 22742 3606 
22388 11537 57 217 
22388 11537 22335 6325 22978 
22388 11537 7575 38022 
22388 11537 22742 3481 
22388 11537 17579 1237 55589 
22388 11537 27750 1916 53188 
22388 11537 20965 6802 35503 35503 
22388 11537 101 10430 15323 
22388 11537 19782 1767 20452 
22388 11537 4600 3701 10876 
22388 11537 20965 2611 201205 
22388 11537 1842 1842 1842 
22388 11537 27750 27817 14080 28039 
22388 11537 6509 26806 27628 27628 
22388 11537 6509 376 11489 
22388 7575 24437 
22388 11537 14041 53471 26863 
22388 11537 5078 8036 
22388 11537 14085 276 
22388 11537 20965 2200 776 
22388 7660 17579 1237 23596 
22388 11537 4600 
22388 11537 14048 16989 
22388 7575 58877 
22388 11537 20965 36944 327700 
22388 11537 14041 15295 
22388 11537 6509 26677 32347 
22388 11537 14048 16473 19957 
22388 7660 3662 4528 17764 
22388 7575 56132 
22388 11537 2381 22066 
22388 11537 22335 32698 32715 
22388 11537 20965 2200 2269 
22388 11537 20388 50139 3058 49554 
22388 11537 10578 1650 
22388 11537 18592 28400 
22388 11537 20965 5408 3323 
22388 11537 2907 
22388 7660 24475 4621 17479 17479 17479 
22388 11537 27750 1916 21506 
22388 11537 2603 8674 24406 
22388 11537 20965 8501 1887 41092 
22388 668 2621 
22388 11537 2907 17960 
22388 11537 3112 
22388 7660 24287 24490 24514 24020 
22388 11537 2381 
22388 11537 20965 1103 1101 
22388 11537 14041 13555 47003 
22388 11537 14041 2902 
22388 11537 20388 3267 197467 197467 197467 197467 
22388 11537 20965 8501 12423 
22388 11537 20388 3267 8480 
22388 11537 20388 50139 2895 201842 
22388 11537 11096 11214 
22388 11537 20965 2607 
22388 11537 20965 1103 1140 
22388 7660 2500 7500 
22388 11537 7575 55354 
22388 11537 20965 2852 51727 51727 
22388 11537 2153 257 
22388 2153 40498 209 
22388 11537 20388 3267 5480 
22388 11537 27750 1916 11242 52834 
22388 2153 299 
22388 11537 20965 1103 1888 
22388 11537 20388 3267 51352 
22388 11537 11317 2572 46755 46755 
22388 11537 81 19718 
22388 11537 20965 2200 29199 
22388 11537 10578 22742 
22388 7660 9821 18188 
22388 11537 20965 1853 1109 
22388 11537 6509 376 36786 
22388 11537 6509 8111 40007 
22388 293 16411 
22388 7660 9264 1659 18420 
22388 11537 17579 1237 9949 
22388 11537 27750 3597 4270 
22388 11537 11096 54261 
22388 11537 10578 1249 
22388 2153 2152 7377 
22388 11537 32440 10349 
22388 2153 2152 6492 
22388 11537 101 10430 11827 
22388 11537 19782 1767 19217 
22388 11537 27750 1916 262742 
22388 11537 20965 1103 1200 
22388 24 10343 
22388 11537 27750 27817 13489 27805 
22388 11537 20965 1103 42165 
22388 11537 3754 46470 
22388 11537 57 33455 
22388 11537 2495 2496 
22388 11537 6509 26677 30713 
22388 11537 10578 10326 46464 
22388 11537 20965 786 60187 56929 56929 56929 56929 
22388 11537 20965 2200 1307 
22388 7660 24287 24490 55824 132043 
22388 11537 10886 6059 22877 
22388 11537 20388 3267 198384 
22388 7660 24287 24489 9821 4779 132796 
22388 11537 20965 8501 1887 202121 
22388 11537 20965 1930 
22388 11537 19782 46701 
22388 11537 22742 40149 
22388 11537 101 6216 
22388 11537 2603 8674 
22388 11537 101 15307 
22388 11537 27750 27817 13489 27805 11237 11237 11237 11237 11237 11237 11237 11237 
22388 2153 40498 3912 40246 
22388 11537 2907 24297 
22388 11537 20965 1853 6720 
22388 11537 40581 13809 
22388 11537 14085 276 27594 
22388 11537 11096 31967 
22388 11537 2603 3267 59624 
22388 7660 56218 2523 
22388 11537 20965 1853 39837 
22388 11537 10578 14325 14325 14325 46563 
22388 11537 20965 2200 30126 
22388 7575 38022 17542 
22388 11537 11096 12060 
22388 11537 20965 680 41969 41969 41969 41969 
22388 7660 24287 24489 3662 
22388 11537 20965 2200 1942 
22388 11537 14085 4557 5707 
22388 11537 20388 3267 199879 
22388 11537 2907 55910 55910 
22388 11537 10466 32162 14773 
22388 11537 40220 40151 11975 
22388 7660 23911 23910 24575 
22388 11537 6509 26677 18621 
22388 11537 14041 14977 
22388 11537 18592 3640 278 
22388 7660 24475 4621 23687 
22388 11537 11096 4310 
22388 11537 27750 27807 27890 
22388 11537 20965 36944 2018 19232 
22388 7660 9270 18026 
22388 11537 14085 302 
22388 7660 2907 1103 288 
22388 11537 20965 2611 42165 
22388 11537 20965 12687 25500 25500 25500 25500 25500 
22388 11537 22335 6325 26255 26255 
22388 11537 46435 11827 
22388 11537 20965 786 56670 
22388 11537 6509 26677 31886 
22388 11537 40220 1312 
22388 11537 20388 3267 5468 
22388 11537 18592 8151 
22388 11537 27750 27817 14080 
22388 11537 3112 14734 
22388 11537 7575 45962 
22388 11537 10490 2722 
22388 11537 3754 14433 
22388 11537 20965 36944 2018 36982 
22388 2153 2152 18558 
22388 11537 2603 1880 9201 9201 
22388 11537 14085 16905 18515 
22388 11537 6509 26300 393607 393607 
22388 11537 101 17200 
22388 7660 9264 7497 38345 
22388 11537 4600 14262 11995 
22388 11537 7575 10148 
22388 11537 3112 32234 
22388 11537 20388 17579 1237 55589 55589 55589 55589 
22388 11537 11096 2553 
22388 11537 10578 1968 46905 
22388 11537 47862 50602 
22388 11537 3112 40252 
22388 11537 557 6056 
22388 11537 2907 23826 23826 23826 23826 
22388 11537 14041 16519 
22388 11537 20965 766 197829 
22388 11537 22335 6325 63056 
22388 11537 14041 104 
22388 11537 20965 1103 12654 
22388 7575 38022 45787 45787 45787 
22388 11537 101 13476 
22388 11537 14085 16905 30696 47064 
22388 11537 3112 46491 36359 
22388 11537 3754 23191 
22388 11537 27750 3597 4270 262156 262156 262156 262156 
22388 11537 14041 13555 393436 
22388 11537 6360 16538 
22388 293 
22388 11537 6509 271 26415 
22388 11537 27750 1916 2716 28623 
22388 11537 2907 3488 
22388 11537 11096 36548 
22388 11537 10578 10326 
22388 11537 3112 29709 
22388 7575 20144 
22388 11537 7575 131294 
22388 11537 10578 1351 54257 
22388 11537 2907 24261 
22388 11537 20965 2697 
22388 2153 195 2641 2641 
22388 7575 58698 
22388 11537 210 17055 
22388 11537 3112 20238 
22388 11537 2907 45685 
22388 11537 10578 11745 27405 
22388 7575 55491 
22388 11537 20965 1955 3314 
22388 11537 20965 680 680 553 29010 
22388 11537 14085 16905 30687 
22388 2153 2152 26403 
22388 11537 22335 6325 46286 
22388 11537 14085 276 5707 
22388 2153 2152 6099 
22388 11537 14085 16905 30696 46725 
22388 11537 3112 30298 30298 30298 30298 30298 
22388 11537 6509 26677 46477 
22388 11537 20965 197118 51327 
22388 11537 14041 36081 
22388 11537 10886 27 
22388 11537 54234 32229 
22388 11537 10886 3527 6150 
22388 11537 6509 26677 32250 
22388 7660 3943 3943 3943 
22388 11537 2907 55912 
22388 11537 20965 2611 35733 
22388 11537 2907 24254 
22388 11537 30700 22944 
22388 11537 27750 27817 14080 5722 
22388 2153 2152 22323 
22388 11537 27750 3597 27875 
22388 11537 20965 1853 679 
22388 11537 20965 766 13041 43115 
22388 11537 57 6263 
22388 11537 11317 2698 6122 36634 
22388 11537 11096 19899 19899 
22388 668 213 
22388 7660 3662 3363 
22388 11537 32440 2055 
22388 11537 20965 1103 1161 
22388 11537 36412 14877 32744 
22388 11537 11317 2698 6122 27316 
22388 11537 210 6510 
22388 11537 20965 1853 1110 
22388 2153 195 
22388 11537 20388 3267 20549 
22388 11537 10466 21976 40267 
22388 11537 6509 10972 6579 
22388 11537 40581 10508 
22388 11537 11317 2572 393601 
22388 11537 20965 786 49728 
22388 11537 30700 3714 46153 
22388 11537 6509 21640 818 
22388 11537 20965 2200 1945 
22388 11537 20388 6879 
22388 11537 22742 393337 393337 
22388 11537 20965 2200 2445 
22388 11537 3112 13501 
22388 7660 9270 9317 
22388 11537 20965 559 8468 12654 
22388 11537 6509 271 393966 
22388 11537 27750 1916 262511 
22388 11537 2603 1741 15496 
22388 11537 11317 46832 3390 
22388 11537 20965 8501 8256 
22388 11537 101 10430 30075 
22388 11537 6509 271 16462 
22388 11537 14048 
22388 11537 2907 18267 
22388 11537 27750 27841 
22388 11537 1251 
22388 7575 38022 55516 
22388 11537 3754 
22388 11537 18592 8151 3968 
22388 11537 20965 6802 28949 
22388 11537 19782 25887 25969 
22388 2153 2152 17369 17369 
22388 11537 20965 766 42909 
22388 11537 22742 29 
22388 11537 10578 1929 
22388 11537 1251 28637 
22388 11537 10578 6932 
22388 11537 20965 1103 1133 
22388 2153 6360 26100 
22388 11537 10466 32162 
22388 11537 3112 7925 7925 7925 7925 7925 7925 
22388 11537 297 270 12819 
22388 11537 20965 766 6739 197829 
22388 11537 3754 26 
22388 11537 30700 3714 3714 3714 3714 3714 3714 4323 2828 7029 40373 
22388 11537 11317 33189 
22388 11537 3754 3756 
22388 7575 37978 
22388 11537 2603 224 33079 
22388 11537 20965 680 5501 
22388 2153 2152 46749 54531 
22388 11537 10886 6059 27026 27026 27026 27026 27026 27026 
22388 11537 20388 3267 198444 
22388 11537 5078 11897 
22388 2153 2152 7941 
22388 11537 11096 19329 
22388 11537 20965 2200 1945 2060 
22388 11537 10490 3464 
22388 11537 20965 8517 2592 
22388 11537 30700 7029 32071 
22388 11537 81 6559 
22388 11537 10466 21976 33523 
22388 7660 24475 4621 17827 
22388 2153 2152 10294 
22388 11537 3112 33167 
22388 11537 62402 198499 
22388 11537 6509 26677 5664 
22388 11537 20965 8501 1887 8766 
22388 11537 20388 3267 35764 
22388 11537 10578 1742 40127 
