11537 20965 21274 60744 
11537 11096 5661 22471 
11537 22388 7660 24287 24490 24514 
11537 81 36850 
11537 81 27446 27446 27446 27446 27446 27446 27446 27446 27446 
11537 7575 38022 55702 
11537 10578 11745 
11537 32440 22985 
11537 2153 2152 567 226 27609 
11537 2381 1736 
11537 55 
11537 2153 2152 33021 
11537 20965 6802 8745 
11537 20965 137 42165 
11537 10578 1249 
11537 7575 24390 38568 
11537 22335 8674 29216 
11537 22388 7660 24475 4621 4762 
11537 27750 11340 20191 
11537 20965 2200 1307 
11537 293 
11537 6509 376 40206 
11537 2907 
11537 17579 1237 18298 
11537 22388 7660 24475 4621 9551 9551 9551 9551 
11537 20965 786 43838 43838 43838 43838 43838 43838 43838 43838 43838 43838 43838 
11537 20965 2852 
11537 24167 7539 
11537 14041 14977 
11537 6509 33594 
11537 20388 3267 9111 
11537 5050 36407 
11537 20965 1103 12654 
11537 20388 3267 5467 25100 
11537 30700 3714 14271 
11537 20965 2108 
11537 2907 24264 
11537 20388 3267 29147 31738 
11537 2907 59111 
11537 27750 1916 2716 28623 
11537 10886 16692 
11537 20965 1103 1140 
11537 6509 15296 3359 
11537 14085 10421 46476 
11537 20388 3267 31707 
11537 2907 18128 
11537 22388 7660 24287 24490 24514 55856 
11537 27750 1916 2715 21612 
11537 3754 3685 
11537 2907 2501 
11537 6509 376 11032 40660 
11537 2153 2152 22315 
11537 20388 17579 3662 4158 
11537 2153 2152 40498 
11537 20965 8501 1887 48183 
11537 18592 2904 
11537 6509 26677 63359 
11537 2907 2513 
11537 10490 3464 27622 27622 27622 27622 27622 27622 
11537 3754 15046 
11537 20388 3267 9206 
11537 10886 6059 393650 
11537 237 27274 
11537 2603 1741 565 
11537 237 30154 
11537 14048 16989 
11537 10466 20413 36253 
11537 3754 26 
11537 22388 7660 2907 1103 1888 
11537 2153 2152 46749 54531 
11537 2907 4730 
11537 2907 38641 
11537 11317 7896 
11537 20965 8517 8456 
11537 2495 20177 
11537 11317 2572 
11537 10578 156 47065 
11537 20965 2611 35733 
11537 20965 1955 3314 
11537 2153 2152 26066 26066 
11537 20965 766 197829 
11537 6509 15296 62623 
11537 20388 17579 3662 7650 
11537 14085 302 11015 
11537 7575 55491 
11537 20965 680 43066 
11537 18592 2708 
11537 7575 131294 
11537 297 270 12819 
11537 2153 2152 18558 
11537 2153 2152 23369 
11537 10578 14325 14325 14325 40043 40043 
11537 22335 6325 19070 
11537 32440 26002 
11537 20965 559 23148 25152 
11537 10490 2722 2721 53257 
11537 20388 3267 35335 
11537 20965 8501 24848 
11537 81 10952 
11537 2153 2152 22700 
11537 10578 54722 
11537 20965 8501 1887 12464 
11537 14085 4557 11773 
11537 10886 6059 21767 
11537 54234 32229 
11537 57 40497 
11537 19782 87 
11537 27750 1916 11242 10715 28614 
11537 2153 5739 
11537 10764 
11537 20965 1853 51066 
11537 6509 26677 54397 
11537 7575 132728 
11537 20965 8501 
11537 6509 21640 25689 
11537 297 270 12819 12819 12819 
11537 32440 40189 14940 
11537 11317 2698 6122 15140 15140 
11537 3128 7050 
11537 22388 7660 24475 4621 23919 23919 
11537 6509 26806 
11537 20965 2614 51098 
11537 6509 26677 11700 
11537 2907 131897 
11537 27750 1916 11242 19763 
11537 10466 21976 18794 18794 18794 
11537 6509 26300 26206 
11537 20965 36944 37182 37496 
11537 27750 27929 
11537 40581 53450 
11537 20965 680 5501 
11537 20388 50139 2895 201842 
11537 6509 26677 30713 
11537 22388 7660 18125 
11537 20388 3267 200686 
11537 2603 1835 5491 
11537 20965 1955 30904 31581 
11537 20965 5408 5470 
11537 1251 28571 
11537 47862 58283 
11537 1251 52888 
11537 668 228 
11537 54234 
11537 4600 14262 11995 
11537 20965 1853 16314 
11537 2603 15474 25244 
11537 293 44 
11537 20965 2847 51172 
11537 2153 2152 3734 
11537 20965 1103 3333 2121 
11537 10578 14325 14325 14325 14464 
11537 20388 7497 9264 
11537 2907 2523 
11537 2907 17946 
11537 1351 1351 33604 
11537 22388 7660 9821 133064 133611 
11537 27750 27817 14080 262226 
11537 10578 10326 
11537 10886 6629 
11537 22388 7660 24287 24490 24514 134107 
11537 2603 1653 42307 
11537 20965 766 13041 
11537 22388 7660 2500 7500 7500 
11537 54234 16430 
11537 4600 3701 6377 
11537 6509 26677 16475 
11537 46435 11252 
11537 6509 26677 549 26996 
11537 81 11426 
11537 2153 2152 22226 
11537 10578 1968 
11537 20388 3267 33819 
11537 20965 2614 6693 
11537 54308 3586 
11537 20965 2107 12785 
11537 6360 
11537 11317 2698 6122 14513 
11537 2153 2152 46749 
11537 6509 26677 18621 
11537 2495 11659 
11537 10886 5723 
11537 20965 1853 35052 
11537 14085 4557 8 
11537 20965 12687 29599 
11537 6509 26677 31886 
11537 20388 3267 197467 197467 197467 197467 
11537 2153 2152 7941 
11537 20388 3267 8684 
11537 2603 1653 43018 
11537 2721 2722 393251 
11537 19793 
11537 2153 40498 3912 
11537 22388 7660 9821 23862 131245 
11537 11096 18553 
11537 3754 11516 
11537 17579 1237 18297 
11537 18592 28550 2549 
11537 10490 3452 
11537 14041 13555 32215 32215 
11537 10764 7497 
11537 22388 7660 24287 24490 55824 133002 
11537 20965 1103 1125 
11537 40498 3912 
11537 3676 
11537 27750 3597 4270 52442 
11537 20388 50139 5568 30853 
11537 57 6263 
11537 32440 19564 
11537 5078 25776 
11537 293 63331 
11537 22388 7660 4641 4641 38345 
11537 22388 7660 9821 63848 
11537 1842 
11537 20080 46764 
11537 20080 27676 
11537 22742 25691 
11537 20965 766 6739 197829 
11537 101 6216 
11537 2495 22245 
11537 20965 766 197829 197829 
11537 3754 5719 
11537 20965 36944 37532 
11537 36412 11834 
11537 20965 680 680 553 60824 
11537 27750 1916 10881 13522 
11537 40498 3388 
11537 22335 27595 
11537 2907 4729 
11537 20965 2200 2445 
11537 20965 23911 4538 4843 
11537 20388 3267 9162 
11537 20965 12046 15892 
11537 2907 18276 
11537 10466 21976 205 
11537 10490 13611 
11537 10578 11745 29917 
11537 32440 23366 
11537 2907 131158 131158 
11537 7575 7645 
11537 27750 1916 28571 28571 28571 28571 28571 28571 28571 28571 
11537 20388 3267 198685 
11537 22388 7660 18127 3488 
11537 10466 21976 33523 
11537 20388 3267 60643 
11537 20965 21274 50686 
11537 2153 2152 22323 
11537 20965 8517 8466 
11537 2153 2152 21915 
11537 81 40245 
11537 20965 36944 36914 36914 36914 
11537 27750 1916 1251 53166 
11537 19782 17 
11537 10886 6059 36413 
11537 20388 50139 2683 50707 
11537 22335 6325 53695 
11537 6509 26677 31983 
11537 11317 2698 6122 
11537 14085 276 14104 
11537 14085 276 32093 
11537 7575 134096 
11537 22335 6325 63014 
11537 22388 7660 23855 7610 7472 
11537 2495 2701 
11537 20965 2614 13210 
11537 14085 16905 30696 16670 
11537 22388 7660 24287 24490 18007 46019 
11537 5078 11897 
11537 2603 1835 62138 
11537 7575 38022 23905 
11537 1251 53166 
11537 3112 600 17089 17089 17089 17089 
11537 14085 276 19856 
11537 27750 1916 1251 28637 
11537 20965 1930 
11537 27750 3597 4270 27883 
11537 14085 16905 33148 
11537 24167 3662 4616 
11537 2603 1653 25072 
11537 10490 3464 8135 
11537 11317 33189 11736 
11537 11317 
11537 14041 194 39990 
11537 237 47052 
11537 20965 2200 2202 
11537 27750 1916 21506 
11537 20965 680 8519 
11537 11096 1830 
11537 22335 683 
11537 40220 3140 
11537 7610 
11537 2907 59100 
11537 2907 2504 
11537 14048 11686 11686 11686 11686 
11537 20965 680 680 553 39100 
11537 20388 3267 57010 
11537 14085 16905 30696 30350 
11537 20965 12687 25500 25500 25500 25500 25500 
11537 11096 36843 
11537 2603 1741 
11537 1251 28637 
11537 22388 7660 9821 17721 
11537 210 
11537 22335 6325 22978 
11537 3112 7925 
11537 2907 37918 
11537 11096 7939 
11537 20965 786 35299 35299 35299 35299 
11537 20965 12687 50569 
11537 2907 17701 
11537 11096 36548 
11537 36412 11534 
11537 46435 33281 
11537 6509 26677 12093 
11537 20965 1955 6711 
11537 237 20379 
11537 20965 8501 15798 
11537 20388 3267 16033 
11537 3754 4385 
11537 2907 2506 
11537 22742 
11537 6509 21640 2680 
11537 22335 20130 
11537 3128 
11537 20965 559 8235 
11537 2603 1653 2837 
11537 40387 38 
11537 20965 1103 1161 
11537 2381 
11537 297 270 22767 
11537 293 3424 
11537 6509 26677 549 46626 
11537 6509 26677 32638 
11537 6509 26677 549 11851 
11537 20388 3267 35764 
11537 20965 36944 37182 
11537 10886 186 
11537 10490 2637 2637 2637 47065 
11537 11317 46832 26934 26934 26934 26934 26934 26934 
11537 46435 11808 11808 11808 
11537 2907 131159 131159 
11537 2603 15474 29348 
11537 32440 10349 10349 10349 10349 10349 10349 
11537 20388 3267 5480 16308 
11537 20965 2200 
11537 3112 30298 30298 30298 30298 30298 
11537 2153 2152 40498 3388 
11537 20080 11340 27676 
11537 32440 25968 25968 25968 25968 
11537 20965 1103 1101 
11537 14041 13555 
11537 7575 38022 38140 
11537 27750 3597 27674 
11537 2153 2152 23489 
11537 40220 
11537 20388 17579 3662 7651 
11537 6509 26677 6642 
11537 2153 40498 
11537 210 11663 
11537 6509 10972 54658 
11537 36412 14877 6522 
11537 18592 27666 
11537 10466 32162 20038 
11537 6509 26677 30638 30638 
11537 20965 12687 13032 
11537 6509 10972 6579 
11537 10578 
11537 20965 8501 12324 199936 
11537 2603 8674 56625 
11537 14041 13555 39990 
11537 22388 7660 2907 1103 288 
11537 132500 
11537 27750 1916 10881 
11537 3754 11452 
11537 81 54640 
11537 293 3428 
11537 27750 1916 2716 262441 
11537 20965 2200 1945 
11537 6509 26677 25826 
11537 20965 5408 199399 
11537 393462 
11537 6509 26677 819 823 
11537 20965 2200 50897 
11537 14041 36704 
11537 237 393474 393474 
11537 20965 6802 35503 
11537 2153 31 
11537 14085 276 16461 
11537 237 46417 
11537 27750 1916 11242 52834 
11537 2907 55909 
11537 20965 5408 3323 
11537 3754 5719 47065 
11537 20965 8517 15390 15390 15390 
11537 22388 
11537 11096 36843 40486 
11537 5050 
11537 14085 16905 
11537 293 377 
11537 20388 3267 5468 
11537 20388 3267 34150 
11537 22388 7660 56218 
11537 20965 2611 199670 
11537 6509 376 36786 
11537 3112 26898 
11537 6509 15296 
11537 17579 1237 1781 
11537 30700 3714 14271 40373 
11537 2907 37910 
11537 11096 11809 
11537 22388 7660 17956 
11537 57 217 
11537 22742 393337 393337 
11537 2153 32 
11537 27750 1916 28571 
11537 20965 20965 20965 20965 1930 57350 
11537 2603 8674 35052 
11537 2907 18123 
11537 20965 137 
11537 10578 1968 46905 
11537 20965 8501 21274 57331 
11537 6509 26677 549 
11537 2907 37920 
11537 3676 3676 6122 31871 
11537 11096 33008 
11537 3112 22736 
11537 11317 2572 393750 
11537 10490 3479 
11537 22742 3606 
11537 10578 3 
11537 81 19718 
11537 20965 1930 5516 
11537 20388 3267 34862 
11537 293 16411 
11537 2381 2041 
11537 81 6559 20449 
11537 6509 26300 
11537 20965 1955 31581 
11537 22388 7660 24287 24490 18007 4796 17922 7717 17974 7713 55697 
11537 14294 
11537 668 84 
11537 14085 276 1970 
11537 11317 7896 11714 
11537 20965 5408 8522 
11537 2153 567 47 
11537 293 292 
11537 20965 1955 2547 
11537 20965 2847 5479 
11537 10466 3778 
11537 20965 1853 1114 
11537 22388 7660 3943 3943 3943 
11537 20965 680 13167 
11537 20965 2614 43703 
11537 22335 6325 7386 
11537 57 17234 
11537 7575 55354 
11537 21834 
11537 7575 38022 132003 
11537 24167 
11537 20965 8517 24922 
11537 20965 5408 6744 
11537 10490 36441 
11537 10578 14325 14325 14325 
11537 10578 46964 
11537 20388 3267 8790 
11537 6360 26100 
11537 27750 27807 27891 
11537 6509 271 36000 
11537 6509 26806 20218 
11537 297 270 1202 
11537 10466 32162 53913 
11537 20965 2200 1935 
11537 10886 6629 3477 
11537 20965 786 35832 
11537 17579 1237 9708 
11537 36412 14877 22192 22192 
11537 22335 7386 
11537 10886 70 
11537 14041 13555 32920 
11537 11096 17202 
11537 20965 2852 48091 
11537 22742 29867 
11537 3754 3756 
11537 40220 22299 26202 
11537 27750 3597 4270 27770 
11537 22388 7660 9821 132792 
11537 6509 271 25689 
11537 81 6559 27549 
11537 14041 2648 3477 
11537 20965 2852 51727 51727 
11537 2153 567 3659 
11537 10466 20413 
11537 1842 5663 
11537 20965 680 29484 
11537 10886 102 
11537 81 11426 22753 
11537 2153 2152 31764 
11537 22742 40149 
11537 17579 1237 9949 
11537 3754 31822 
11537 20388 3267 3351 
11537 27750 27817 14080 28039 
11537 20965 766 33072 
11537 293 3431 
11537 20965 2614 50944 
11537 57 30220 
11537 2907 45685 
11537 20965 23911 23910 
11537 20965 12687 47743 
11537 11096 16393 
11537 6509 376 
11537 17579 1237 45984 
11537 27750 3597 28109 
11537 20965 2200 776 
11537 3112 30290 
11537 10466 21976 32450 32450 32450 32450 32450 32450 
11537 20965 8501 1887 201617 
11537 2603 8674 31529 
11537 10578 32389 
11537 20388 3267 8599 
11537 6509 271 32956 
11537 27750 11340 23140 
11537 20965 786 51704 51704 
11537 3112 
11537 20965 786 201773 
11537 20388 3267 25519 
11537 2603 3267 8491 8491 8491 
11537 2603 3267 59624 
11537 7575 
11537 20965 6802 5421 5421 5421 
11537 62402 28821 
11537 81 22753 
11537 20965 1213 42310 
11537 22388 7660 24287 24490 55824 132423 
11537 22388 7660 24475 4621 9562 
11537 22388 7660 2500 23634 
11537 20965 137 2596 
11537 27750 1916 262876 
11537 20965 1853 1205 
11537 2153 2152 23024 
11537 20965 8501 8664 20555 
11537 7575 7573 
11537 7575 45128 
11537 14085 276 27594 
11537 40581 1603 
11537 14041 12145 54060 
11537 17579 1237 9274 
11537 40387 1224 
11537 57 
11537 30700 7029 
11537 22335 32698 14381 
11537 20388 3267 12770 12770 12770 12770 12770 12770 
11537 6509 26677 549 22172 
11537 14085 276 26971 
11537 27750 
11537 27750 11340 27897 
11537 22388 7660 9270 9270 
11537 20965 680 16108 
11537 20388 7497 24151 
11537 2153 46357 
11537 20965 1853 30971 
11537 14041 14737 
11537 237 46418 
11537 20965 680 12654 
11537 20388 3267 2848 42364 
11537 3112 40252 
11537 11317 2572 393601 
11537 6509 26677 46757 
11537 20965 2200 2486 
11537 2153 2152 14706 
11537 10886 6059 30184 
11537 7575 7476 
11537 20965 680 13040 
11537 5078 8036 8036 8036 8036 8036 
11537 7575 132693 
11537 20965 2200 1708 
11537 20965 23911 4538 4839 
11537 101 10430 30198 30198 30198 
11537 10490 3450 
11537 2153 2152 17369 17369 
11537 2153 195 22213 
11537 22388 7660 4641 4641 18366 
11537 3112 40732 
11537 20965 12687 
11537 22388 7660 24287 24489 23911 7497 
11537 22388 7660 24287 24489 23911 4538 7497 
11537 14041 16519 
11537 20965 8517 15843 
11537 20965 1103 1142 
11537 20965 8501 1887 44959 
11537 22388 7660 24475 
11537 2153 9 
11537 14085 16905 1832 
11537 27750 1916 10881 10412 
11537 20965 8517 31689 
11537 20965 786 29212 
11537 20388 50139 
11537 7575 38022 45787 
11537 20965 2200 29110 
11537 11096 19329 
11537 2381 25979 
11537 22335 6325 46286 
11537 668 252 
11537 2603 1880 1881 
11537 20965 8501 8664 
11537 20965 680 35739 
11537 20965 2614 8708 6693 
11537 27750 1916 11242 263325 
11537 36412 3782 
11537 14085 4557 30049 
11537 6509 271 393249 
11537 14041 53471 
11537 20965 680 64251 64251 64251 64251 
11537 20965 680 199578 9020 
11537 20965 766 13041 43115 
11537 2603 1653 2838 
11537 6509 26677 22766 
11537 5050 46404 
11537 32440 17244 
11537 22388 7660 24287 24490 18007 4796 
11537 7575 38022 9432 
11537 20388 50139 3058 8409 
11537 7575 10148 
11537 10490 3479 18759 
11537 22388 7660 24287 24490 38229 
11537 6360 16538 
11537 20965 12687 47306 
11537 22388 7660 9270 
11537 20388 3267 8623 
11537 20388 3267 39131 
11537 20965 2614 31313 25278 
11537 3754 20 
11537 27750 3597 4270 52424 
11537 10490 3450 46512 
11537 20965 8517 9095 
11537 297 270 
11537 2907 55910 55910 
11537 6509 15296 27623 
11537 3754 14433 
11537 19782 1767 19217 
11537 20965 1103 1102 
11537 22388 7660 9270 1704 
11537 7575 56065 56065 56065 56065 56065 56065 56065 
11537 20965 137 51708 51708 51708 51708 51708 50507 
11537 5050 7925 
11537 11317 7896 11714 11546 
11537 101 7774 
11537 20388 3267 2683 12925 
11537 2603 
11537 22388 7660 24287 24489 24167 7539 
11537 6509 53904 
11537 27750 27817 13489 27805 5722 
11537 20965 786 15770 15770 15770 
11537 20388 3267 5480 
11537 20965 5379 
11537 22388 7660 23855 
11537 40387 14834 
11537 20965 6802 5421 
11537 7575 24437 55813 
11537 2907 45673 
11537 6509 21640 112 
11537 3112 13501 
11537 22388 7660 24475 4621 9411 
11537 20965 1103 12315 
11537 7575 6262 
11537 7575 56132 
11537 7575 45962 
11537 2907 37889 
11537 11317 2572 46755 46755 
11537 6509 26677 32347 
11537 20965 12687 24893 24893 24893 24893 50325 50325 
11537 3754 33703 
11537 32440 25968 
11537 20965 5538 51955 
11537 3754 1747 
11537 27750 1916 
11537 10578 14325 14325 14325 14348 
11537 2603 1653 12384 
11537 2603 1653 2846 
11537 2153 32 3671 
11537 2495 15116 
11537 20965 2107 51988 
11537 14085 16905 30696 40049 
11537 10886 22767 
11537 20965 5408 8762 
11537 10886 46543 
11537 20965 8517 8678 
11537 2907 23807 
11537 6509 8111 
11537 20965 2611 25344 
11537 22388 7660 24475 4621 9486 
11537 20965 786 31256 
11537 668 13 
11537 6509 26677 29872 
11537 20388 3267 
11537 27750 3597 4270 61496 
11537 2153 6192 
11537 10490 3464 40735 
11537 22388 7660 18127 
11537 27750 27841 27947 28027 
11537 3754 17324 
11537 7575 38022 24318 
11537 36412 14877 22198 
11537 668 393399 
11537 22388 7660 24475 4621 55545 
11537 1251 
11537 22388 7660 9821 131281 
11537 2153 25 
11537 7575 24437 
11537 2907 37917 
11537 6509 26677 26802 
11537 27750 1916 11242 28601 
11537 20965 36944 2018 
11537 40220 22845 22845 22845 
11537 7575 58584 
11537 38 
11537 20965 8501 16263 
11537 20965 8501 50561 
11537 7575 38022 9433 
11537 20965 559 3320 3303 48751 
11537 14085 4557 16903 
11537 293 16 
11537 237 46420 
11537 22335 6325 26255 26255 
11537 20080 19226 
11537 11096 4310 
11537 22335 7968 
11537 22335 6325 15118 
11537 3754 32360 
11537 20965 137 16004 
11537 27750 27817 13489 27805 
11537 14085 16905 30696 393273 
11537 2381 53599 
11537 20388 3267 5433 39161 
11537 3754 22693 
11537 22388 7660 3662 4528 17764 17764 17764 
11537 1351 1351 54257 
11537 20965 1853 30971 1921 
11537 10466 21976 16889 
11537 20388 3267 60928 
11537 11317 2698 22594 
11537 22388 7660 24475 4621 23687 
11537 20965 766 198096 
11537 20965 1853 1117 
11537 7575 38307 
11537 2153 2152 5783 
11537 20965 2200 2263 
11537 2153 7377 26397 
11537 10490 10364 
11537 27750 1797 
11537 11096 20080 3681 4511 
11537 10466 21976 205 205 205 205 205 205 
11537 20965 1103 288 
11537 2603 1653 
11537 20965 786 42634 42634 
11537 22388 7660 24475 4621 10227 
11537 2153 2152 14255 14255 
11537 20965 36944 2018 37520 
11537 16509 14618 
11537 7575 58698 
11537 293 291 
11537 20965 2200 1712 
11537 6509 15296 19423 
11537 10490 
11537 18592 278 
11537 27750 1916 11242 
11537 14085 16905 18515 
11537 47862 50602 
11537 10886 6059 33170 33170 33170 33170 
11537 6509 26677 25728 
11537 22388 7660 9264 17713 
11537 11096 36843 46093 
11537 20965 2200 781 47300 
11537 20965 3268 198336 
11537 20965 36944 2018 19232 
11537 20388 3267 29233 29233 
11537 2907 24297 
11537 47862 39031 
11537 2153 2152 567 226 127 
11537 20965 23911 23910 24575 
11537 6509 26677 549 32156 
11537 20965 1853 8692 8692 8692 
11537 7539 1659 
11537 20388 3267 12770 
11537 11317 2698 6122 31871 
11537 2603 8674 29216 
11537 20965 13092 43752 
11537 20388 3267 5467 
11537 27750 1916 262534 
11537 20965 1103 25152 
11537 7575 38022 55747 
11537 10578 11499 
11537 22335 32698 32464 
11537 2907 18267 
11537 22556 
11537 17579 1237 55589 
11537 2907 24248 
11537 11096 54261 
11537 22388 7660 24475 4621 9546 
11537 7575 7570 7570 
11537 22388 7660 24287 24490 55824 55433 
11537 20965 680 42873 
11537 2153 2152 567 226 5726 3832 
11537 20965 2614 12356 
11537 10490 7212 
11537 20965 8501 1887 25495 
11537 2153 2152 23483 
11537 3112 32666 
11537 160 
11537 668 37 
11537 10578 1742 
11537 14041 13555 47003 
11537 14041 2648 
11537 20965 137 197440 
11537 237 20039 
11537 20965 8501 1887 24597 
11537 668 5978 
11537 6509 26677 23237 
11537 7575 38022 55524 
11537 36412 14877 10448 
11537 11096 13406 
11537 18592 18734 
11537 22388 7660 24287 24490 55824 55566 
11537 20965 137 2597 
11537 20965 8501 1887 202121 
11537 20965 766 
11537 29384 29384 29384 29384 29384 29384 
11537 6509 26677 33389 
11537 4600 14262 6366 
11537 20965 766 25285 
11537 293 3443 
11537 668 48 
11537 6509 10972 
11537 668 213 
11537 2907 18148 
11537 11317 33189 22215 
11537 20388 3267 8630 
11537 18592 15236 
11537 6509 26677 549 11628 
11537 20388 3267 2875 
11537 20965 680 39835 39835 
11537 20965 786 199131 
11537 10466 21976 18794 
11537 20965 2200 1723 
11537 10490 2722 2721 13548 
11537 20965 2611 42165 
11537 20965 559 5568 3316 42403 25152 
11537 20965 36944 327700 
11537 20388 3267 197768 
11537 1351 1351 26385 
11537 237 46419 
11537 2907 55911 
11537 2907 58652 
11537 10578 27552 27370 
11537 27750 1916 2716 22819 
11537 10578 14325 14325 14325 11078 
11537 2603 1653 39870 
11537 22388 7660 9821 133064 132862 
11537 2153 2152 21708 21708 21708 21708 
11537 20965 2200 2485 
11537 6509 7860 
11537 2907 59091 
11537 2603 2832 
11537 14041 13555 393436 
11537 10578 22834 
11537 10886 6629 3477 40623 
11537 11096 22487 
11537 2603 1653 20943 
11537 293 2936 
11537 20965 1853 760 
11537 20388 3267 5433 
11537 2907 24261 
11537 7575 55773 
11537 20965 559 8468 12654 
11537 11096 5661 
11537 14085 4557 5707 
11537 11317 33189 22851 
11537 3112 46491 36359 
11537 7610 7472 
11537 20388 3267 39866 
11537 20965 5408 197121 
11537 6509 15296 393468 
11537 2603 3267 59624 59624 
11537 32440 30564 
11537 297 270 372 
11537 297 270 1749 
11537 7575 38022 38473 
11537 210 26046 
11537 2153 195 1909 
11537 20965 21274 5498 
11537 3112 22320 
11537 210 6510 
11537 20965 2200 30839 
11537 20388 3267 8324 8324 8324 
11537 22388 7660 9821 132795 
11537 22388 7660 24287 24490 132106 56031 56031 56031 56031 
11537 2907 23799 
11537 2153 2152 21694 
11537 20965 786 8190 
11537 20965 36944 2018 36982 
11537 11096 11214 
11537 10578 11745 27405 
11537 10578 1929 
11537 6509 21640 10533 10570 
11537 2153 195 14518 
11537 2603 1653 2839 
11537 10466 21976 40267 
11537 2603 1741 39662 
11537 2153 5653 
11537 20965 1853 12991 
11537 27750 1916 11242 263410 
11537 57 33692 
11537 20388 50139 2683 
11537 6509 26677 32762 
11537 10466 34 2 
11537 20388 17579 1237 18034 
11537 6509 271 13764 
11537 6509 376 11489 
11537 6509 271 
11537 27750 3597 4270 27993 
11537 20965 1955 13092 13303 
11537 22335 6325 19480 
11537 5078 40628 
11537 2153 2152 2920 
11537 20965 13092 13303 
11537 6509 26677 549 393877 
11537 14085 16905 30674 
11537 3112 32234 
11537 20965 2200 1945 2060 
11537 2153 2152 18975 
11537 3754 
11537 27750 27817 13489 27805 52488 
11537 20965 1853 
11537 40220 40151 11975 
11537 57 7973 
11537 7575 38022 55516 
11537 3921 
11537 6509 26677 549 54070 
11537 2153 2152 40498 3912 
11537 81 53785 
11537 3112 30712 53421 
11537 6509 271 16462 
11537 6509 271 55185 
11537 4600 3701 
11537 101 10430 11827 
11537 5078 
11537 20965 23911 4538 4840 
11537 33011 
11537 30700 7029 33632 
11537 2153 2152 10294 
11537 3112 29709 27236 
11537 36412 14877 32744 
11537 20388 6879 
11537 10578 6932 
11537 3112 20085 
11537 20965 2852 199711 
11537 20965 2200 2426 
11537 6509 26677 32756 
11537 20965 8501 39909 
11537 7575 58877 
11537 22388 7660 24475 4621 17479 
11537 20965 23911 
11537 30700 3714 46153 
11537 22388 7660 24287 24490 55824 132995 
11537 6509 8111 40007 
11537 19782 25887 
11537 22335 6200 
11537 2381 40347 
11537 30700 3714 
11537 40498 
11537 10490 3512 
11537 6509 26677 819 
11537 11317 2698 6122 26946 
11537 57 8148 
11537 20388 3267 13077 13077 13077 
11537 11096 19899 19899 
11537 22388 7660 24475 4621 
11537 8075 3598 
11537 22335 103 
11537 18592 8151 3596 
11537 22388 7660 24287 24489 9821 4779 45600 
11537 2603 1653 2841 
11537 22335 46101 
11537 6509 26677 11703 
11537 32440 11164 4323 54529 
11537 22388 7660 4641 
11537 20965 8501 8890 
11537 20965 786 56670 
11537 22388 7660 24475 4621 4767 
11537 81 11540 
11537 2907 23800 
11537 10578 557 
11537 101 10430 3935 
11537 101 47065 
11537 20965 2697 
11537 20965 2614 9199 
11537 10886 1701 
11537 20965 21274 199561 
11537 20965 8517 15390 
11537 18592 8151 28391 
11537 27750 3597 262156 262156 262156 
11537 20965 23911 23910 24348 24409 
11537 10490 6112 
11537 7575 56303 
11537 14085 276 25709 
11537 3112 33167 
11537 6509 21640 818 
11537 17579 1237 3784 3784 3784 
11537 20965 1103 42165 
11537 6509 26677 17353 
11537 3112 159 
11537 40581 30408 
11537 20965 2614 61353 
11537 14085 4557 20099 
11537 11096 31999 
11537 2153 2152 46749 36306 
11537 293 3970 
11537 297 270 1254 
11537 20965 6802 48155 
11537 62402 
11537 18541 
11537 14041 53471 26863 
11537 22388 7660 9821 133064 132246 
11537 32440 54529 
11537 20965 23911 4538 4789 
11537 27750 27817 13489 27805 11237 11237 11237 11237 11237 11237 11237 11237 
11537 2153 2152 25664 
11537 20388 
11537 2907 23623 
11537 2603 1880 
11537 22388 7660 9264 1659 9916 
11537 20965 786 49726 
11537 20965 766 25572 
11537 293 54297 
11537 22335 1842 1842 1842 
11537 22335 6325 15119 
11537 2153 195 2641 2641 
11537 2603 1653 2831 
11537 16509 
11537 22388 7660 3662 4528 17764 
11537 2153 2152 
11537 14041 12145 31991 
11537 10886 27 
11537 62600 1706 
11537 101 10430 31766 31766 31766 31766 31766 
11537 20965 21274 50934 
11537 5078 16922 
11537 2153 2152 2037 
11537 36412 14877 62989 
11537 2907 58647 
11537 20388 3267 6868 
11537 11096 31967 
11537 2153 2152 567 25789 
11537 20965 2611 31511 
11537 73 
11537 3754 22990 
11537 27750 3597 4270 27875 
11537 20388 17579 1237 38685 
11537 7575 37978 
11537 10466 34 
11537 7575 10106 
11537 6509 10965 17001 
11537 293 3562 
11537 14085 4557 
11537 55 46274 
11537 2153 567 4 
11537 22335 6325 1702 1702 1702 
11537 18592 278 21603 
11537 11317 7896 11714 1252 1252 
11537 20965 137 199342 
11537 22335 11417 
11537 27750 27807 27893 17287 
11537 20965 1103 1128 
11537 6509 611 
11537 6509 376 22953 
11537 20965 680 35704 
11537 513 513 513 
11537 3112 14200 
11537 27750 27817 27951 5722 
11537 20965 680 60824 60824 60824 
11537 101 11956 {3477} 
11537 6509 15296 53403 
11537 2907 24268 
11537 6509 26677 14661 
11537 3112 7925 7925 7925 7925 7925 7925 
11537 3754 30703 
11537 20965 766 31951 
11537 6509 15296 62742 
11537 20965 2852 5588 199711 
11537 20388 3267 13078 
11537 19782 11114 
11537 5050 3999 3999 3999 
11537 6509 8111 23307 
11537 20388 17579 1237 23596 
11537 2907 23781 
11537 11317 2698 
11537 20965 1853 8692 8692 8692 6883 
11537 20965 1955 8512 
11537 81 
11537 10764 513 
11537 2603 224 58302 
11537 27750 1916 10881 11751 
11537 20965 2847 51172 51955 
11537 54308 52457 262148 
11537 6509 376 32555 
11537 2153 2152 25995 
11537 27750 3597 4270 263235 
11537 20965 6802 
11537 57 18454 
11537 2907 24470 
11537 20388 50139 3058 12724 
11537 101 10430 15323 
11537 6509 26806 27628 27628 
11537 20965 1853 760 201612 
11537 57 14763 
11537 14041 53471 32170 
11537 20388 3267 34849 
11537 14085 16905 33148 18560 
11537 20965 2200 44850 
11537 22388 7660 24287 24490 24514 58812 
11537 7575 38474 
11537 20965 5408 31563 
11537 2603 224 50270 
11537 22388 7660 24287 24490 24514 24020 
11537 20388 3267 3277 3277 
11537 27750 3597 
11537 40220 1312 
11537 101 10430 11863 
11537 40581 1826 
11537 2603 8674 56266 
11537 1351 1351 16384 
11537 10886 3527 
11537 20965 137 51708 51708 51708 51708 51708 
11537 20965 2614 49507 
11537 46435 11827 
11537 22388 7660 2500 7500 
11537 20965 766 42909 
11537 10578 14325 14325 14325 46722 
11537 81 13371 
11537 27750 3597 4270 263186 
11537 27807 
11537 81 6559 
11537 22388 7660 24475 4621 9551 
11537 27750 1916 10881 28193 
11537 2907 18125 
11537 20965 680 34878 
11537 7575 38076 38076 38076 38076 38076 38076 
11537 46435 46662 
11537 18592 263148 
11537 20965 1930 30129 
11537 20965 2847 44358 
11537 18592 8151 262920 
11537 30700 7029 13327 
11537 6509 
11537 14041 12145 
11537 10886 6629 3477 10871 
11537 14085 16905 30696 26675 
11537 11317 2698 6122 15140 
11537 24167 9264 
11537 22388 7660 24287 24490 132106 
11537 14048 
11537 20965 2614 49437 
11537 6509 26677 25728 25728 25728 25728 
11537 1 
11537 3112 31777 
11537 18592 28400 
11537 20965 8501 1887 8962 
11537 6509 26300 393607 393607 
11537 20388 3267 41566 41566 41566 
11537 2153 2152 20343 
11537 20965 8501 15373 
11537 10886 10886 
11537 30700 7029 10921 
11537 20965 1853 1112 
11537 20965 2200 1723 2065 44850 
11537 20965 559 50837 
11537 7575 38307 38858 
11537 27750 1916 53188 
11537 10578 1742 13315 
11537 10578 10561 
11537 10764 513 48751 
11537 11096 12013 
11537 22335 6325 22887 
11537 19782 46701 
11537 20965 2614 3233 
11537 20965 1103 1200 
11537 20388 3267 8325 8325 8325 8325 8325 8325 8325 8325 8325 8325 
11537 22388 7660 9821 132483 
11537 293 11678 
11537 2153 2152 11293 
11537 2153 2152 21828 
11537 2907 55904 
11537 293 68 
11537 2381 393257 
11537 2603 1653 39871 
11537 20965 2200 2484 
11537 10886 6059 
11537 2907 59096 
11537 57 1998 
11537 2907 23615 
11537 2907 59103 
11537 20965 2611 21239 
11537 20965 786 44110 
11537 10490 12173 
11537 20965 1853 2494 
11537 14041 2902 
11537 10578 14325 14325 14325 32125 
11537 2153 131 
11537 2907 9591 
11537 10886 
11537 2907 10014 
11537 10497 
11537 32440 18818 
11537 7575 56132 132158 
11537 32440 25968 25968 
11537 2907 24260 
11537 11096 
11537 10466 88 
11537 27750 27817 14080 
11537 7575 45158 
11537 22335 32698 26367 
11537 2153 195 
11537 22335 6325 26367 
11537 20965 680 34520 
11537 27750 1916 11242 263613 
11537 47862 52216 
11537 57 32907 
11537 27311 
11537 293 3671 
11537 22388 7660 24287 24490 
11537 20965 8501 8865 
11537 27750 27817 14080 262158 
11537 14048 16473 19957 
11537 2907 2505 
11537 14085 16905 30696 54084 
11537 20388 3267 28800 
11537 237 393581 
11537 20965 559 
11537 32440 2055 
11537 40498 3912 19470 
11537 22742 167 
11537 2153 257 
11537 20965 12687 13032 29095 
11537 20388 50139 3058 2683 12925 
11537 20388 3267 8398 
11537 20965 23911 4538 
11537 20965 559 8220 43189 
11537 22388 7660 24287 24490 38229 56288 
11537 18592 3640 
11537 20965 2200 1725 
11537 20965 680 41289 
11537 27750 1916 263605 
11537 10886 5723 77 
11537 20965 6802 35503 35503 
11537 237 19106 19106 19106 
11537 20965 559 13237 12654 
11537 6509 376 566 
11537 3112 17135 17135 
11537 10466 7328 
11537 22388 7660 24287 24490 55824 55847 
11537 30700 7029 14760 
11537 6509 376 13552 
11537 20965 2200 2072 
11537 7575 38022 132709 
11537 32440 54311 
11537 20965 8501 8970 
11537 20965 2614 6746 6830 20820 
11537 20965 137 31638 
11537 20965 2200 775 
11537 30700 22944 
11537 6509 26677 19764 
11537 1351 1351 11686 
11537 18592 22122 
11537 20388 3267 29581 
11537 27750 27807 27890 
11537 22388 7660 24287 24490 45170 
11537 20965 8501 1887 196802 196802 196802 196802 
11537 7539 18181 
11537 10886 7847 
11537 2907 55373 
11537 11096 19119 
11537 20388 3267 3218 
11537 20965 766 13041 15633 
11537 20965 8517 15406 
11537 20965 2852 197277 
11537 20965 8501 1887 25075 
11537 297 270 771 
11537 12200 19994 
11537 20388 3267 21143 
11537 20965 23911 4538 133475 
11537 22335 6325 29885 
11537 20965 786 5503 
11537 20965 12046 
11537 14048 11686 
11537 59 
11537 20965 786 7 
11537 27750 3597 10671 
11537 7575 38022 38299 
11537 2603 1653 2840 
11537 6509 10965 
11537 20965 197118 197119 
11537 20965 559 39792 12654 
11537 6509 271 {393249} 
11537 20388 17579 1237 55589 55589 55589 55589 
11537 18592 28550 3454 
11537 27750 1916 264466 
11537 20965 2200 1303 
11537 20965 1853 49488 49488 
11537 20965 680 33848 
11537 20965 766 25354 
11537 1251 263313 
11537 27750 27807 11694 
11537 20965 2200 2418 
11537 6509 271 33314 
11537 14085 16905 30696 11353 
11537 20388 3267 29195 
11537 297 270 1701 
11537 29384 
11537 20965 8501 1887 48395 
11537 40387 
11537 293 50 
11537 10490 2637 
11537 20388 3267 30911 
11537 10578 111 
11537 4901 11318 
11537 11317 46832 3390 
11537 20388 3267 29493 
11537 101 15307 
11537 3754 26462 
11537 14085 16905 30696 47064 
11537 20965 1853 39837 
11537 20965 8501 5550 
11537 6509 271 11105 
11537 4600 3582 
11537 20965 2614 8708 16120 
11537 14085 16905 30687 
11537 20965 197118 43030 
11537 22388 7660 4717 
11537 20965 1930 199993 
11537 20388 50139 2895 2587 
11537 6509 26677 549 802 
11537 20965 1103 25182 
11537 2153 567 16408 
11537 3754 11872 
11537 3112 46491 
11537 3112 13946 
11537 237 
11537 2153 2152 30193 
11537 2603 224 33079 
11537 27750 1916 262511 
11537 10490 2722 12148 47065 
11537 20388 50139 42317 
11537 22388 7660 24287 24490 55824 38185 
11537 10578 1968 46905 46905 
11537 54308 52457 262178 
11537 20388 7497 
11537 20388 3267 5467 47258 
11537 22388 7660 23855 23767 
11537 10490 10631 
11537 668 89 
11537 7575 1851 
11537 20965 8501 8508 199279 
11537 20965 2614 25304 
11537 22388 7660 9821 18188 
11537 14041 194 
11537 20965 1853 1111 
11537 11096 31986 
11537 20965 
11537 22388 7660 24287 24490 24514 45344 
11537 668 687 
11537 14085 16905 20162 20162 20162 20162 20162 
11537 22388 7660 24475 4621 23919 
11537 27750 27841 27947 52343 
11537 7575 38022 38906 
11537 27750 3597 27790 
11537 27750 52470 263683 
11537 20965 1103 1104 
11537 2907 18091 
11537 20388 17579 3662 
11537 20965 1853 34183 
11537 2603 8674 
11537 81 18538 
11537 2603 8674 31529 51966 
11537 5050 1206 
11537 14085 276 14314 
11537 27750 27817 21578 
11537 3754 13972 
11537 27750 1916 1251 52914 
11537 14041 393869 
11537 3112 40812 
11537 20965 5408 8278 
11537 11317 46832 11348 
11537 10578 13326 
11537 22388 7660 24287 24489 
11537 2907 55380 
11537 20965 2614 16220 
11537 20388 17579 1237 17856 
11537 22388 7660 24287 24490 18007 4796 17922 7717 17974 7713 132660 
11537 22388 7660 23855 45133 
11537 6509 26677 31782 
11537 27750 3597 4270 5692 
11537 101 10430 15199 
11537 20965 766 198878 
11537 7575 38022 133857 
11537 11096 40326 
11537 2907 55390 
11537 23796 
11537 6509 15296 22512 22512 
11537 22388 7660 24287 24490 55824 55741 
11537 18592 8151 22122 
11537 40220 22299 
11537 14085 276 18 
11537 101 14221 
11537 20388 17579 3662 4605 
11537 20965 1853 679 
11537 2153 11293 
11537 3754 91 
11537 22388 7660 3836 38296 
11537 7575 38022 45787 45787 45787 45787 45787 
11537 22388 7660 24287 24489 9821 4779 132796 
11537 27750 3597 3449 
11537 62600 21582 
11537 2907 17523 
11537 20965 8517 
11537 20965 8501 9112 
11537 2907 45688 
11537 20965 559 19151 12654 
11537 20965 1955 13092 
11537 54308 52502 
11537 6509 376 11032 11032 11032 11032 
11537 3112 36794 
11537 27750 3597 27875 
11537 20965 5408 2546 
11537 22388 7660 24287 24490 24514 133014 
11537 297 270 2143 
11537 11317 46832 11348 26934 
11537 27750 1916 2715 262829 
11537 20965 23911 4538 4134 
11537 14085 16905 30696 31791 
11537 6509 26677 549 19925 
11537 2907 18124 
11537 7575 23719 
11537 4901 11039 
11537 22388 7660 9821 133498 
11537 32440 40189 
11537 3112 19616 
11537 7575 58582 
11537 57 26557 
11537 2907 58785 
11537 101 10430 11548 
11537 20965 680 680 553 5501 
11537 27750 1916 10881 263076 
11537 27750 3597 4270 262156 262156 262156 262156 
11537 20965 8517 12777 
11537 3112 33254 
11537 22388 7660 24475 4621 24344 
11537 20965 8501 1887 
11537 57 33455 
11537 101 10430 54032 54032 
11537 2495 2496 
11537 20965 2200 2072 2094 
11537 10466 32162 14773 
11537 6509 15296 33091 
11537 4600 3701 10876 
11537 5050 7925 23361 
11537 27750 27817 26605 
11537 20965 6802 47174 
11537 6509 26677 32157 
11537 20965 2611 16326 
11537 20965 2200 2269 
11537 4755 
11537 14085 16905 30696 46725 
11537 20965 8501 12423 
11537 3112 30712 
11537 22335 6325 63056 
11537 297 270 1316 
11537 27750 1916 262857 
11537 27750 27841 27947 
11537 6509 26677 549 53566 
11537 20965 8501 25468 31381 31381 
11537 11096 26851 
11537 2153 195 195 
11537 20388 17579 3662 4528 
11537 20965 2847 
11537 30700 3714 1657 
11537 20965 8501 12324 197552 
11537 10886 11131 
11537 3112 26894 
11537 17934 
11537 7575 38022 24398 
11537 22742 3481 
11537 14085 16905 33148 18777 
11537 7575 38022 132264 
11537 10764 513 25152 
11537 14085 276 1970 22163 
11537 14085 302 54700 
11537 22335 8674 
11537 14048 16473 19956 
11537 20388 3267 51751 
11537 7575 38022 18378 
11537 3112 29941 
11537 20388 3267 29526 
11537 20965 2200 1723 2065 
11537 22388 7660 24287 24490 24514 132494 
11537 20388 3267 8325 8325 8325 8325 8325 8325 8325 8325 8325 8325 8325 
11537 27750 27817 14080 262245 
11537 20965 786 44403 44403 
11537 2153 6106 
11537 7575 38022 9431 
11537 17579 1237 10162 
11537 81 22854 
11537 20965 2611 49046 
11537 30700 7029 18660 
11537 20965 8501 1887 15665 
11537 101 13476 
11537 20388 3267 5468 44868 
11537 22388 7660 24287 24490 18007 4796 59138 
11537 297 270 1843 
11537 10578 10326 46464 
11537 11096 33670 
11537 101 73 
11537 22335 6325 33460 
11537 10490 3479 3480 
11537 6509 26677 46477 
11537 10490 29972 
11537 2907 17687 
11537 20965 2107 50195 50195 
11537 2721 
11537 27750 1916 53164 
11537 20965 1213 2128 
11537 18592 3640 278 
11537 20965 786 60187 56929 56929 56929 56929 
11537 14041 16496 
11537 22335 32698 32702 
11537 18592 28390 
11537 7575 38022 38626 38626 38626 
11537 20965 680 8519 288 
11537 7575 9348 
11537 20965 36944 2018 8094 8094 
11537 14041 15295 
11537 20388 3267 51352 
11537 20965 680 199578 
11537 293 3380 
11537 20388 3267 198444 
11537 40498 11570 
11537 20388 50139 3058 9056 
11537 20965 378 41116 41116 41116 41116 41116 
11537 20965 197118 51327 
11537 22388 7660 24287 24490 55824 
11537 30700 7029 33629 33629 33629 
11537 27750 1916 2715 
11537 7575 7637 
11537 17579 1237 9488 
11537 3754 20252 
11537 20965 8517 34478 
11537 20965 8501 9112 41385 
11537 2153 25 2152 393282 
11537 22335 6325 23264 23264 
11537 62715 
11537 668 2621 
11537 3112 14734 
11537 20965 680 47369 
11537 30700 7029 32071 
11537 20965 766 15488 
11537 10466 4246 
11537 20965 2200 29199 
11537 2603 1653 2843 
11537 20965 8501 1887 197005 
11537 20965 786 33967 
11537 40220 40151 1201 
11537 20388 17579 3662 4616 
11537 17579 1237 10052 
11537 22388 7660 24287 24490 55824 23770 23770 23770 23770 23770 
11537 4600 4201 
11537 101 10430 31766 
11537 22388 7660 24287 24489 3662 
11537 20965 5538 24620 
11537 17579 1237 9686 
11537 22388 7660 9264 1659 18420 
11537 27750 27817 14080 5722 
11537 2603 1880 3220 
11537 2153 2152 7377 
11537 32440 10349 
11537 11096 12060 
11537 2907 37914 
11537 30700 3714 3714 3714 3714 3714 3714 4323 22694 22694 
11537 6509 21640 2679 
11537 27750 1916 10417 10417 10417 
11537 6509 26677 549 13733 
11537 20965 36944 36914 36914 36914 36914 
11537 17579 1237 23570 
11537 10578 22742 
11537 20388 3267 8411 
11537 7575 38022 38479 
11537 2603 224 59863 
11537 20965 2200 2439 
11537 668 518 
11537 20965 766 198853 
11537 297 270 41 
11537 18592 18734 2708 
11537 3128 19184 
11537 3112 29709 
11537 14041 12145 25825 
11537 668 
11537 2603 1653 2833 
11537 27750 3597 4270 52314 
11537 20965 5408 47616 
11537 293 6406 
11537 22388 7660 24475 4621 17479 17479 17479 
11537 22388 7660 9270 17870 
11537 46435 
11537 20965 2200 1938 
11537 20965 137 8978 
11537 20965 2852 201648 
11537 20965 2852 197451 197451 
11537 19782 
11537 10466 32162 32162 
11537 5078 8036 
11537 20965 1955 25171 
11537 57 6263 19530 
11537 20965 137 35110 
11537 20965 1853 1110 
11537 20965 3208 
11537 20965 1103 1145 
11537 20080 3681 
11537 20965 559 29208 15685 6881 12654 
11537 20965 766 15630 
11537 20965 1853 39057 
11537 20965 8501 1887 47404 
11537 10466 20413 46224 
11537 4901 32064 
11537 6509 26677 549 10265 
11537 20388 3267 34707 
11537 19782 1767 
11537 668 1655 
11537 101 10430 27183 
11537 2907 23796 
11537 2153 2152 23309 
11537 2603 1741 15496 
11537 20965 1103 1133 
11537 19782 693 
11537 5050 1207 
11537 20965 36944 36914 
11537 20965 8501 28678 
11537 22388 7660 4641 4641 42 
11537 2603 1653 15980 
11537 20965 21274 
11537 20388 3267 8663 
11537 11096 13755 
11537 24 10343 
11537 20965 2200 29199 56774 
11537 20388 50139 5568 
11537 20388 3267 49186 
11537 20965 2611 198559 
11537 20965 8501 9112 196887 
11537 20965 1103 20507 
11537 18592 8151 3968 
11537 7575 23859 
11537 20965 1213 2850 
11537 2603 1835 42236 
11537 20965 2200 2450 
11537 19782 11686 11686 
11537 20965 2200 1936 57284 
11537 40220 16643 
11537 11096 11523 
11537 10578 1742 40127 
11537 22388 7660 24475 4621 9533 
11537 27750 1916 262742 
11537 17579 1237 18026 
11537 6509 26677 29773 
11537 6509 376 31930 
11537 10490 3450 14209 
11537 22388 7660 9270 10197 
11537 10886 2532 
11537 7539 4782 
11537 10490 12005 
11537 20388 3267 198588 
11537 293 3152 
11537 22388 7660 24475 4621 9464 
11537 11317 2572 27515 
11537 6509 21640 25689 30123 
11537 6509 26677 15158 
11537 2495 393401 
11537 2153 
11537 22388 7660 9264 1659 
11537 20965 2614 39815 
11537 3754 23191 
11537 27750 1916 11242 263300 
11537 30700 
11537 22388 7660 24287 24490 24514 38280 
11537 2495 16826 
11537 2907 55379 
11537 10578 1742 32318 
11537 20965 8501 24848 48227 
11537 20965 786 198864 
11537 22388 7660 9355 
11537 3754 3688 
11537 20965 786 60187 
11537 4901 
11537 20965 2847 48053 
11537 22388 7660 24287 24490 55824 58590 58590 58590 58590 58590 58590 58590 
11537 40220 40151 11221 
11537 10578 1650 
11537 1351 1351 12282 
11537 2381 33503 
11537 10764 513 12654 
11537 20965 786 44369 
11537 20388 3267 31575 
11537 14085 16905 20162 
11537 22388 7660 24475 4621 17827 
11537 20965 680 20633 20633 
11537 20965 6802 41352 
11537 7539 18426 
11537 6509 26677 549 239 
11537 20965 8501 8508 
11537 20965 2200 1948 
11537 40581 5090 
11537 10578 14325 14325 14325 46563 
11537 6509 15296 33549 
11537 293 683 
11537 7575 38022 38305 
11537 101 10430 
11537 22388 7660 9270 18158 
11537 11317 46832 26934 
11537 22388 7660 23855 133600 
11537 10886 1972 
11537 14085 302 19708 
11537 3112 11050 
11537 54234 25656 
11537 20388 7497 4641 4641 24151 
11537 20965 8517 5474 5474 5474 
11537 17579 1237 9317 
11537 27750 27807 19192 
11537 2495 11659 11659 11659 11659 
11537 18592 
11537 10466 46 
11537 17579 1237 9275 
11537 40581 53604 
11537 30700 3714 46153 46153 46153 46153 46153 46153 
11537 2153 2152 13940 
11537 20965 8501 25468 
11537 17579 1237 45963 
11537 7575 38022 17542 
11537 7575 38022 133928 
11537 20388 3267 56374 56374 56374 
11537 20965 1103 1132 
11537 2721 2722 
11537 20388 3267 5467 61320 61320 61320 61320 61320 
11537 10490 3464 
11537 22388 7660 24287 24490 24514 45808 
11537 20388 3267 42289 
11537 19782 1767 46149 
11537 4600 3701 46159 
11537 237 1432 1432 
11537 2603 3221 62024 
11537 14085 276 33683 
11537 20965 2200 789 
11537 6509 271 393966 
11537 22742 3606 3606 3606 3606 3606 3606 
11537 20965 786 198863 198863 198863 198863 
11537 27750 1916 28301 
11537 20965 5408 6867 
11537 22388 7660 9264 
11537 11096 6356 
11537 17579 1237 45379 
11537 20965 1853 1109 
11537 7575 134111 
11537 20965 5408 20813 
11537 6509 26677 819 822 
11537 14085 16905 30696 40661 
11537 2381 23301 
11537 557 6056 
11537 2603 1741 30754 
11537 14085 16905 33148 22977 
11537 20388 17579 1237 55616 
11537 20080 3681 4511 
11537 36412 14877 
11537 20965 36944 2018 8094 8094 8094 
11537 6509 15296 11257 
11537 27750 1916 10417 10417 10417 52853 
11537 40581 10508 
11537 14085 4557 25977 
11537 20965 197118 
11537 10466 21976 
11537 20965 5408 15536 
11537 6509 8111 30256 
11537 20965 8501 12324 199028 
11537 20965 12687 34776 
11537 40220 10357 
11537 20965 2200 777 
11537 10490 7212 26335 
11537 6509 271 36391 
11537 18592 28385 
11537 22388 7660 24287 24490 55824 132043 
11537 7575 58528 
11537 6360 25640 
11537 3112 26818 
11537 20080 27922 
11537 6509 26677 
11537 20965 3221 
11537 22388 7660 24287 24490 132106 56032 
11537 10578 63 
11537 22388 7660 23855 9419 
11537 6509 26677 5664 
11537 2907 9991 
11537 10466 21976 63319 
11537 17579 1237 9489 
11537 22388 7660 2907 1103 
11537 6509 26677 26071 
11537 2153 2152 567 226 5726 
11537 2603 1741 1739 
11537 20965 6802 28949 
11537 18592 8151 3640 
11537 46435 11686 
11537 2603 224 224 224 
11537 20965 36944 
11537 20965 2611 15383 
11537 19782 1767 26026 
11537 6509 26677 26288 
11537 54308 
11537 27750 3597 4270 61486 
11537 2603 1653 2842 
11537 20965 1103 1147 1147 1147 1147 1147 1147 
11537 22388 7660 2500 17932 
11537 20965 2614 12675 
11537 20965 23911 4538 23912 
11537 3676 3676 6122 53262 53262 53262 53262 53262 
11537 27750 1916 11284 
11537 2603 1741 39098 
11537 27750 1916 52888 
11537 6509 271 4476 
11537 22388 7660 24287 24490 18007 4796 46047 
11537 6509 26677 32820 
11537 27750 27817 27951 
11537 6509 15296 32716 
11537 6509 15296 16580 
11537 10490 2722 47 
11537 11096 4511 
11537 22388 7660 9821 23862 
11537 14085 16905 30696 36695 
11537 7575 38795 
11537 20965 2107 
11537 7575 24436 24436 
11537 3112 12247 
11537 14041 104 
11537 2907 55912 
11537 20965 5408 8522 197997 
11537 57 21951 
11537 6509 376 12277 
11537 27750 3597 262156 
11537 7575 38083 
11537 20965 1853 1776 
11537 20965 13092 
11537 22388 7660 24287 24490 24514 38868 
11537 19782 1767 20452 
11537 16839 
11537 2153 32361 
11537 20388 3267 20549 
11537 10755 
11537 22388 7660 24287 24490 24514 24090 
11537 22388 7660 24287 24489 23911 9401 
11537 6509 376 11032 
11537 101 17200 
11537 4600 
11537 20965 680 41969 
11537 6509 271 62692 
11537 20388 17579 1237 9849 
11537 10490 3464 11109 
11537 19782 25887 25969 
11537 22388 7660 4641 4641 18366 23709 
11537 47862 57171 
11537 11317 33189 26498 
11537 2907 2503 
11537 20965 23911 4538 7497 38345 
11537 27750 1916 11242 10715 
11537 3112 22093 
11537 20965 2200 781 
11537 7539 17716 
11537 20965 766 197829 197829 197829 197829 
11537 668 15147 
11537 2907 7509 
11537 3112 20238 
11537 20388 50139 3058 34862 
11537 20965 786 196902 
11537 2153 567 25789 
11537 668 768 22 
11537 36412 14877 29848 
11537 2153 567 14486 
11537 210 17055 
11537 22388 7660 2500 2516 10010 
11537 20965 1853 1113 
11537 18592 8151 3548 
11537 25829 
11537 22388 7660 24287 24490 55824 133037 
11537 2603 39590 
11537 20388 3267 6671 
11537 2153 2152 14212 
11537 20965 1853 41915 
11537 14085 16905 33148 20160 
11537 7575 38022 
11537 5050 12118 
11537 47862 57143 
11537 11096 17342 
11537 11096 2553 
11537 14048 26723 
11537 101 10430 55268 
11537 57 21727 
11537 3851 
11537 20388 50139 2148 
11537 22335 32698 32715 
11537 11317 2698 2698 2640 
11537 20388 3267 2848 
11537 2603 1835 
11537 22388 7660 24287 24490 38022 38022 38022 9433 
11537 17579 1237 
11537 20965 378 5585 1680 3288 
11537 20388 3267 3277 
11537 27750 1916 2716 262583 
11537 81 27446 27446 27446 27446 27446 27446 27446 27446 27446 46604 
11537 27750 1916 2716 19611 
11537 27750 11340 
11537 7660 7660 7660 24287 24489 23911 9401 
11537 17579 1237 17595 
11537 20965 23911 4538 18011 
11537 20965 12687 197361 
11537 14085 276 14373 
11537 3754 12 
11537 20965 680 41969 41969 41969 41969 
11537 6509 15296 27275 
11537 27750 3597 4270 28107 
11537 20388 3267 198130 198130 
11537 668 5957 
11537 20965 2847 51172 44358 
11537 32440 26333 
11537 22388 7660 2907 1103 1124 
11537 2603 1880 9201 9201 
11537 27750 1916 1251 52954 
11537 20965 2614 39737 50940 50940 50940 50940 50940 
11537 2907 24254 
11537 22388 7660 24475 4621 9475 
11537 2153 2152 393282 
11537 2603 224 42708 50304 60717 59863 
11537 2907 17960 
11537 22335 29825 
11537 20388 50139 2895 201421 
11537 10466 
11537 20965 12687 31206 
11537 6509 15296 16623 
11537 6509 15296 25635 
11537 27750 1916 2716 61880 
11537 22388 7660 24287 24490 55824 9885 18101 4758 
11537 6509 26677 32250 
11537 22335 32698 
11537 393689 
11537 2153 2152 10867 
11537 2153 22323 
11537 7575 20144 
11537 7575 24433 
11537 22388 7660 24287 
11537 22335 6325 40038 
11537 2381 22137 
11537 2907 17944 
11537 38 1224 
11537 20965 1930 12833 
11537 20388 3267 198384 
11537 20965 1853 42685 
11537 6509 15296 25925 
11537 14041 194 14934 
11537 22388 7660 24287 24489 24167 9264 18422 
11537 20965 8501 8267 
11537 27750 27841 
11537 14041 54393 54393 54393 
11537 2153 567 127 
11537 22388 7660 24287 24490 132106 56031 
11537 2603 1653 2839 5601 
11537 20965 2614 
11537 20965 1103 1888 
11537 20965 5408 8253 
11537 7575 38022 681 
11537 24 
11537 27750 3597 27993 
11537 2153 2152 26403 
11537 11017 
11537 14041 
11537 14085 4557 7276 
11537 6509 271 26415 
11537 1842 1842 1842 
11537 27750 1916 1251 52703 
11537 14085 276 54933 
11537 20965 680 20588 
11537 20965 5538 8605 
11537 20965 47623 51090 51090 51090 
11537 10466 32162 
11537 54234 10546 
11537 40498 17153 
11537 2153 52 
11537 18592 7325 
11537 6509 26806 22950 
11537 20965 5408 8700 
11537 2907 58784 
11537 2603 8674 25192 
11537 20965 786 43198 
11537 2153 2152 567 226 85 
11537 20965 2107 28933 28933 28933 28933 
11537 81 46963 
11537 20965 2602 
11537 20388 3267 29147 
11537 237 393665 
11537 20965 8501 21182 
11537 20965 8517 2592 
11537 22335 6325 
11537 20965 2614 24839 
11537 27750 27841 27820 
11537 14041 13555 17294 
11537 10886 3527 6150 
11537 20965 2200 2259 
11537 2153 2152 21924 
11537 22388 7660 3661 
11537 22388 7660 3662 3363 3363 
11537 20965 2611 
11537 27750 27807 27892 
11537 14085 10421 53809 
11537 22335 6325 63130 
11537 10886 6059 22877 
11537 557 
11537 22388 7660 24287 24490 24514 55827 
11537 20965 1853 1120 200070 
11537 14085 
11537 11317 46832 
11537 47862 56479 
11537 5050 9 
11537 20965 1103 1147 
11537 14041 36081 
11537 22388 7660 24287 24490 24514 59263 
11537 22388 7660 2500 4718 
11537 32440 23207 
11537 11317 33189 11602 
11537 7610 23711 
11537 2907 17943 17943 
11537 11317 33189 
11537 557 22847 
11537 27750 1916 52992 
11537 20965 137 50112 
11537 20965 1853 2036 
11537 20965 786 29626 
11537 20965 786 49728 
11537 22388 7660 2500 
11537 3807 
11537 2907 2508 
11537 101 10430 30075 
11537 10578 156 156 156 
11537 22388 7660 4641 4641 18366 18368 
11537 81 11442 
11537 2907 9367 
11537 20965 2200 30126 
11537 22335 
11537 10578 156 
11537 2153 2152 23323 
11537 16509 8987 
11537 20965 12687 43384 43384 43384 
11537 3112 30298 
11537 20965 1955 2012 
11537 101 10430 54032 54032 54032 
11537 20965 786 60187 57377 
11537 20965 36944 327687 
11537 22388 7660 24287 24490 55824 55296 
11537 22742 29 
11537 27750 1916 10881 264471 
11537 7539 
11537 2907 3488 
11537 2381 3136 
11537 2153 2152 21545 
11537 47862 57163 
11537 57 20125 
11537 10578 13838 
11537 20965 786 
11537 22388 7660 24475 4621 9903 
11537 11096 7202 
11537 20965 2614 31313 42142 
11537 2907 37895 
11537 2153 2152 46290 
11537 2603 3221 2586 62024 
11537 22388 7660 24475 4621 37932 
11537 22388 7660 24475 4621 3839 
11537 2907 7531 
11537 2603 1653 48514 
11537 22388 7660 24287 24490 55824 132780 
11537 20965 8501 1887 8766 
11537 7575 56219 
11537 22388 7660 24287 24489 24167 
11537 668 5058 
11537 20965 786 44442 
11537 20965 680 680 553 
11537 20965 2607 
11537 2907 37984 
11537 40220 225 225 
11537 18592 6503 
11537 101 47065 73 47065 
11537 2153 2152 6492 
11537 7575 24101 
11537 62402 198499 
11537 2603 8674 24406 
11537 20965 40981 
11537 22388 7660 9821 
11537 7575 24510 
11537 20965 2107 58046 
11537 14085 302 46298 
11537 2153 32 46750 
11537 18592 8151 
11537 10490 2722 
11537 2153 2152 6099 
11537 27750 52470 
11537 20965 36944 2018 37501 
11537 6509 26677 32817 
11537 27750 1916 16891 
11537 10490 50 50 50 
11537 22335 6325 1416 1416 1416 1416 1416 1416 1416 
11537 27750 1916 11097 
11537 27750 27817 
11537 20388 50139 3058 49554 
11537 10490 2722 2721 13429 
11537 2153 2152 567 127 
11537 293 10702 
11537 20965 3268 
11537 20965 2611 201205 
11537 10886 6059 27026 27026 27026 27026 27026 27026 
11537 14085 276 22864 
11537 20965 680 680 553 29010 
11537 6509 26677 549 30045 
11537 27750 1916 12654 
11537 2153 2152 16573 
11537 7575 132129 
11537 22388 7660 24287 24489 23911 4538 7497 24134 
11537 14085 4557 3634 
11537 2907 18087 
11537 20965 137 29609 
11537 32440 26303 
11537 20965 680 12816 
11537 20388 17579 1237 7560 
11537 22742 3592 
11537 20965 378 
11537 22388 7660 24287 24490 55824 4758 
11537 2907 56218 2523 
11537 237 229 
11537 20965 1955 31581 3219 
11537 7575 38022 55485 
11537 20965 23911 4538 9406 
11537 22388 7660 3836 
11537 22388 7660 3836 7588 
11537 
11537 27750 1916 2716 19200 
11537 20965 680 49234 
11537 22388 7660 
11537 20080 5786 
11537 20965 2200 1715 
11537 297 3356 188 
11537 2153 299 
11537 2603 1653 41992 
11537 3128 46103 
11537 20388 50139 2895 
11537 10886 31878 
11537 27750 1916 11242 28579 
11537 27750 3597 4270 14845 
11537 22335 31770 
11537 11317 2698 6122 36634 
11537 47862 61137 
11537 10466 21976 11094 
11537 22388 7660 24287 24489 3662 4528 
11537 2381 22066 
11537 20388 3267 199879 
11537 27750 1916 10881 263083 263083 
11537 2153 7377 
11537 36412 14877 22192 
11537 22388 7660 9821 17721 45209 
11537 17579 1237 9452 
11537 2907 23826 23826 23826 23826 
11537 20965 5408 8643 
11537 2603 224 
11537 20965 786 44403 44403 44403 44403 44403 44403 44403 44403 
11537 22388 7660 9264 18183 
11537 10886 6059 6189 
11537 297 
11537 6509 26677 549 19350 
11537 7575 38022 55746 
11537 2153 2152 567 226 
11537 22388 7660 24287 24490 55824 9885 4758 
11537 40387 698 
11537 20965 8517 58151 
11537 101 10430 33427 
11537 20965 8517 1967 
11537 47862 
11537 22335 6325 7968 
11537 27750 3597 4270 27981 
11537 6509 376 806 
11537 17579 1237 17866 
11537 20965 8501 1887 197982 
11537 14085 276 5707 
11537 7575 38022 38319 
11537 7575 45797 
11537 3112 54676 
11537 5050 46404 3783 
11537 2603 8674 201965 
11537 11096 393309 
11537 2907 59104 
11537 10764 513 1297 
11537 20965 559 25021 
11537 2603 1741 39857 
11537 2907 23793 
11537 14085 16905 18791 
11537 14085 16905 30696 13392 
11537 20965 12687 24893 24893 24893 24893 
11537 20965 36944 2018 8094 
11537 6509 8111 393907 
11537 14085 302 33563 
11537 57 30220 30220 30220 30220 
11537 20080 20243 
11537 22388 7660 24287 24489 24175 
11537 27750 27929 262166 
11537 20965 8517 60881 
11537 81 32417 
11537 30700 10437 
11537 10490 2722 12148 
11537 22388 7660 9264 131146 
11537 2153 2152 27502 
11537 2495 29955 
11537 14085 16905 30696 
11537 6509 10965 16796 
11537 2603 1653 3224 
11537 20965 1853 39837 42729 
11537 20965 680 12643 12643 12643 12643 
11537 22335 6325 26255 
11537 2603 8674 49488 
11537 27750 11340 26610 26610 26610 
11537 20965 47623 
11537 24167 4528 
11537 17579 1237 7564 
11537 20965 2200 1942 
11537 81 20197 
11537 20965 8517 5474 
11537 20965 8501 8326 
11537 2381 53355 
11537 7575 58611 
11537 20965 8501 8256 
11537 81 33401 
11537 237 13325 
11537 27750 3597 4270 
11537 7575 6360 
11537 3112 22968 
11537 20965 12687 50569 35296 
11537 5050 4130 
11537 7575 38022 45787 45787 45787 
11537 2153 2152 30679 
11537 11096 36843 3681 
11537 6509 376 15318 
11537 20965 2200 7500 
11537 22742 62548 
11537 7575 24390 
11537 20388 3267 6874 201302 
11537 47862 33847 
11537 20965 8501 1887 196802 
11537 14085 276 
11537 17579 1237 10063 
11537 11096 19658 
11537 27750 27807 23007 
11537 237 25609 
11537 22388 7660 9821 133064 
11537 668 289 
11537 27750 27841 27947 262212 
11537 6509 26677 19737 
11537 2495 18460 
11537 7575 24434 
11537 22742 393337 
11537 14085 10421 
11537 14085 276 3794 
11537 20965 8501 50561 61216 61216 61216 61216 
11537 293 45 
11537 20965 2614 57444 
11537 20388 50139 3058 
11537 3112 2025 
11537 27750 1916 28609 
11537 27750 1916 1251 
11537 20965 1103 
11537 22388 7660 24287 24490 55824 55446 
11537 14085 16905 30696 14354 
11537 14041 16496 36691 
11537 3754 4190 
11537 22388 7660 24287 24490 18007 
11537 3754 6124 
11537 3754 46158 
11537 10466 20413 54481 
11537 81 46255 
11537 10764 513 28810 
11537 20965 1853 6720 
11537 513 513 513 61339 
11537 20965 21274 13171 
11537 22388 7660 24287 24490 55824 2697 
11537 40220 11279 
11537 20388 3267 49929 
11537 2153 2152 567 226 4 
11537 22388 7660 24287 24490 24514 132688 
11537 7575 38022 55887 
11537 6509 21640 818 74 
11537 40581 14183 
11537 20965 680 56357 
11537 20965 8501 1887 199721 
11537 27750 1916 10881 53046 
11537 3754 14 
11537 20965 680 
11537 27750 1916 52886 
11537 1351 1351 
11537 237 393474 
11537 20965 680 1754 
11537 20965 1213 
11537 20965 378 50995 
11537 20388 3267 6874 
11537 10466 20413 36253 18630 
11537 22388 7660 2500 2497 
11537 10886 6629 3477 20033 
11537 32440 
11537 101 10430 30198 
11537 20965 8501 12324 
11537 1251 53187 
11537 293 43 
11537 20388 17579 3662 3363 
11537 20388 17579 1237 6068 
11537 20965 8501 9103 
11537 20965 1930 199155 
11537 20965 1103 1124 
11537 27750 27807 27893 
11537 2603 15474 
11537 20965 8501 1887 41092 
11537 20965 1103 3333 
11537 30700 3714 3714 3714 3714 3714 3714 4323 2828 7029 40373 
11537 54308 52457 
11537 40581 13809 
11537 20965 1103 1837 
11537 14085 16905 30696 36037 
11537 40581 
11537 237 231 
11537 14085 276 13998 
11537 20965 1853 47515 
11537 57 36784 
11537 22388 7660 24287 24490 55824 132524 132524 132524 132524 132524 
11537 29384 47901 
11537 22388 7660 9270 4665 
11537 20965 5408 8248 
11537 101 25845 
11537 20965 786 60187 60187 60187 60187 60187 
11537 3112 20126 
11537 36375 
11537 11317 33189 11607 
11537 20965 2611 42744 
11537 2153 2152 567 4 
11537 101 
11537 22335 6325 29993 
11537 14085 16905 30696 46258 
11537 14085 16905 589 
11537 10578 14325 14325 14325 22018 
11537 557 17152 
11537 20965 2200 779 2089 
11537 40220 22299 47036 
11537 20965 5538 
11537 11317 2698 6122 27316 
11537 2603 50999 
11537 57 8148 17355 
11537 27750 1916 262533 
11537 22388 7660 24287 24490 45773 
11537 2603 1653 2839 8973 
11537 3754 25935 
11537 3754 46470 
11537 40498 3912 40246 
11537 2153 2152 567 226 47065 
11537 20965 2614 199513 
11537 27750 27817 64322 
11537 2153 2152 21708 
11537 20965 1955 
11537 20965 680 680 553 43483 43483 43483 43483 
11537 14085 302 
11537 20080 
11537 20965 680 60344 60344 
11537 3754 21991 
11537 20965 8501 8286 
11537 2495 
11537 11096 46310 
11537 20965 559 202123 
11537 20965 1853 20537 20537 20537 20537 20537 
11537 20388 3267 56434 
11537 2907 38635 
11537 20965 766 288 
11537 22388 7660 24287 24489 197118 
11537 47862 51182 
11537 20965 5408 
11537 3112 {600} 
11537 27750 1916 2716 
11537 32440 23294 
11537 20388 3267 8480 
11537 2381 47015 
