2905 10474 37100 37546 
2905 10474 37100 37084 25429 
2905 5713 37457 36985 
2905 37179 57731 37238 
2905 30844 37253 
2905 10474 37100 24757 
2905 37105 
2905 3741 42235 327759 
2905 36937 11744 
2905 37179 37482 
2905 37179 13335 13335 
2905 10474 37100 37619 37228 
2905 10474 37100 37619 37654 
2905 10474 37100 15399 
2905 5713 37491 
2905 15169 
2905 10474 37100 15399 37027 37115 
2905 37179 42473 
2905 3741 327787 
2905 3741 327767 
2905 3741 37488 
2905 11845 327693 
2905 10474 37100 37084 37569 
2905 10474 37100 37063 37063 37063 37063 37063 37063 37063 37063 37063 37063 37063 
2905 36937 37662 37353 37353 
2905 6968 
2905 3741 37271 37417 
2905 36937 35405 
2905 36937 327805 
2905 11845 327733 
2905 36937 327826 
2905 3741 36943 62597 
2905 30844 30969 
2905 6187 
2905 33769 33769 33769 
2905 5713 36994 37670 
2905 30844 33770 
2905 30844 37024 
2905 3741 37271 37157 
2905 10474 37100 37084 
2905 10474 37100 30619 
2905 5713 37055 
2905 10474 37100 33771 37061 36866 
2905 30844 37165 
2905 33762 
2905 3741 36408 
2905 3741 42235 37110 
2905 37255 30986 30982 30982 30982 30982 30982 30982 30982 30982 30982 30982 
2905 8075 3598 8071 8071 8071 
2905 3741 37253 
2905 5713 37116 
2905 11845 36985 
2905 11744 
2905 3741 37394 
2905 3741 37422 
2905 5713 30619 36945 
2905 5713 327824 
2905 37179 31713 
2905 36937 327878 
2905 30844 36991 36991 36991 36991 37679 
2905 10474 37100 33771 37061 36886 
2905 5713 37640 37640 
2905 42 27 
2905 30844 
2905 25818 
2905 5713 327892 
2905 5713 37413 
2905 36974 
2905 10474 37266 
2905 5713 37204 
2905 10474 37100 37126 
2905 36937 327817 
2905 5713 
2905 37105 11856 
2905 36937 12701 
2905 37179 13335 13335 13335 
2905 30844 37262 37262 
2905 10474 37100 327819 
2905 10474 37100 37084 37349 
2905 11845 327754 
2905 10474 37100 33771 37061 37274 
2905 10474 37100 37084 37143 
2905 15805 24672 196676 196676 196676 
2905 30844 56696 56696 56696 56696 
2905 37179 37153 23156 
2905 10474 37100 37619 36934 
2905 37179 37153 60592 
2905 10474 37301 
2905 10474 37100 12455 
2905 6083 
2905 3741 32653 
2905 5713 37678 14988 37711 
2905 3741 15808 37579 
2905 10474 37100 37084 31810 
2905 36937 37634 
2905 10474 37100 37079 
2905 3741 30988 37212 
2905 36937 37315 
2905 10474 37100 33771 37061 36952 
2905 3741 2686 
2905 3741 33763 34947 
2905 3741 44993 
2905 37255 30986 30982 30982 
2905 10474 37100 33771 33771 
2905 10474 37100 327693 
2905 3741 327808 327808 327808 327808 
2905 30844 37124 
2905 36974 327773 327773 327773 
2905 3741 37271 37564 
2905 8075 6584 8073 
2905 3741 37358 
2905 10474 
2905 3741 37271 4809 
2905 15169 36384 
2905 3741 37271 37618 37618 37618 
2905 36937 31713 
2905 36937 37662 12491 37098 
2905 10474 37100 37084 37185 
2905 10474 8068 
2905 37179 57731 
2905 10474 37100 22354 
2905 10474 37100 33771 37061 37579 
2905 2018 8094 8094 8094 
2905 36937 37525 
2905 3741 36889 
2905 30844 37238 37183 
2905 36937 37333 37333 
2905 8075 6584 
2905 36994 37160 
2905 37179 37673 37673 
2905 11845 37266 
2905 36937 37662 12491 37214 37214 37214 
2905 10474 37100 37084 37592 
2905 10474 37100 37213 327728 
2905 10474 37100 327770 
2905 3741 327701 
2905 3741 30988 37162 37162 37162 37162 
2905 30844 37346 
2905 10474 37100 327713 37298 
2905 10474 37100 327740 
2905 3741 37271 37497 
2905 3741 15808 30994 30994 
2905 36937 37662 30619 30619 25139 
2905 30844 37545 37586 37586 37586 
2905 3741 10803 
2905 36974 20144 
2905 5713 37678 
2905 3741 37333 
2905 3741 37168 
2905 10474 37100 37697 
2905 10474 37100 37314 327840 
2905 36937 37662 12491 37043 
2905 3741 30988 37104 
2905 5713 36916 36916 36916 327751 
2905 8075 8075 
2905 3741 7020 
2905 20459 36877 
2905 10474 12258 37266 
2905 3741 18931 
2905 29465 29465 29465 29465 29465 29465 36920 327895 
2905 36994 37057 37642 
2905 5713 37678 14988 
2905 10474 37100 37213 
2905 36937 14988 37382 
2905 37255 37255 37255 37255 
2905 30844 25568 
2905 10474 37100 37314 
2905 8075 198097 
2905 11845 22355 327749 327749 327749 
2905 36937 36983 36983 
2905 36937 5583 51964 
2905 9129 
2905 5713 36874 37199 
2905 37105 30081 
2905 37179 37523 
2905 36937 37675 
2905 37179 37265 
2905 327694 
2905 3741 37403 
2905 3741 
2905 3741 2047 
2905 36937 
2905 37179 13335 
2905 5713 16547 
2905 33764 
2905 36937 37662 12491 36913 
2905 36937 37316 
2905 3741 36951 
2905 3741 23058 
2905 36937 37302 
2905 30844 37408 
2905 10474 37100 37063 
2905 3741 36943 
2905 5713 37670 
2905 5713 37179 
2905 3741 37235 
2905 3741 37009 
2905 10798 
2905 10474 37100 37626 
2905 10474 37100 19711 32398 
2905 37028 17148 
2905 37255 30986 
2905 37105 327849 
2905 3741 12556 
2905 5713 327812 
2905 15169 26910 26910 
2905 5713 36968 
2905 36994 37402 
2905 3741 22386 
2905 10474 37100 33771 37061 37244 
2905 10474 12258 
2905 36937 11179 
2905 11845 
2905 3741 37271 
2905 5713 36994 
2905 3741 37271 327825 
2905 3741 37271 327772 
2905 36994 37275 
2905 5713 37357 37357 37357 37357 
2905 5713 37411 
2905 3741 12556 327884 
2905 3741 37254 37254 37254 
2905 36994 37137 
2905 36937 37662 30619 30619 25139 25139 25139 25139 
2905 3741 36943 198412 198412 198412 198412 
2905 10474 37100 37063 327717 327717 327717 327717 327717 327717 
2905 10474 37100 37619 37547 
2905 36937 37662 327761 
2905 37179 37150 37150 37150 37150 
2905 3741 37678 327716 327716 327716 
2905 15169 19425 
2905 3741 37271 37497 327745 
2905 3741 37009 37009 
2905 3741 30988 37104 37104 37104 37104 37104 
2905 30844 36991 37386 
2905 10474 37100 327761 
2905 3741 15808 30994 
2905 5713 37482 
2905 5713 37204 37189 
2905 37179 26422 26422 26422 327715 
2905 3741 37187 
2905 10474 37100 327777 
2905 15169 26910 
2905 5713 19711 
2905 5713 37658 
2905 37179 37153 37399 
2905 11845 327733 7926 
2905 36937 37662 12491 7420 
2905 30844 36997 
2905 30844 37156 
2905 30844 37545 37695 
2905 10474 37100 37084 37364 
2905 5713 37678 14988 14988 
2905 8075 8070 
2905 36937 32437 
2905 5713 36874 36874 
2905 10474 37100 37305 
2905 15169 55023 
2905 3741 7154 
2905 36937 36953 
2905 5713 37639 
2905 8075 3598 
2905 36937 37239 
2905 37255 30986 36900 
2905 15169 26910 26910 26910 
2905 10474 37100 37259 
2905 10474 37100 37183 37183 37238 
2905 37053 
2905 37179 37153 37411 
2905 3741 37271 37497 327822 327822 327822 
2905 36937 37662 12491 37214 37214 37214 3721 
2905 3741 15808 37166 
2905 3741 15808 
2905 2018 8094 
2905 11845 327850 327850 327850 
2905 5713 37457 327839 
2905 37179 
2905 10474 37100 37653 
2905 5713 37479 
2905 37179 22750 
2905 30844 33567 25695 
2905 37424 
2905 37179 37239 37239 37239 37239 
2905 5713 30619 
2905 10474 37100 37436 
2905 30844 31856 
2905 37179 57731 37238 327770 
2905 37179 37368 
2905 10474 37100 51910 
2905 10474 37100 327847 
2905 10474 37100 37084 327792 
2905 10474 37100 37184 
2905 3741 12701 
2905 5713 37251 
2905 15805 198943 198943 
2905 30844 36991 37683 37683 37683 37683 37683 
2905 36937 37662 37353 37353 37628 37628 37628 
2905 11845 33790 
2905 5713 14988 
2905 36994 
2905 15022 
2905 36994 37057 25695 
2905 30844 37646 
2905 30844 37516 
2905 3741 37105 
2905 37179 57731 37189 
2905 8075 62540 
2905 37179 327872 
2905 5713 37172 
2905 30844 37330 
2905 2018 36982 
2905 2018 
2905 36994 36959 
2905 5713 37251 37251 37251 
2905 5713 5734 
2905 2018 37520 
2905 5713 37204 37568 
2905 10474 37100 33771 33771 37514 
2905 3741 327783 
2905 15169 43515 
2905 5713 37675 
2905 5713 37399 
2905 5713 37204 37123 
2905 3741 30988 37162 
2905 37255 30986 33780 
2905 10474 37100 31960 
2905 30844 33567 37434 
2905 5713 36953 
2905 3741 37007 
2905 36937 3067 3067 
2905 36937 37662 30619 30619 30619 
2905 3741 15808 36975 36975 36975 36975 36975 36975 36975 
2905 10474 37100 37084 33772 
2905 5713 25818 327893 
2905 30844 37483 37483 37483 37483 37483 37483 37483 37483 37483 37483 37483 37638 
2905 42 187 
2905 3741 30988 37125 
2905 37179 26106 
2905 37255 37255 37255 37255 30986 
2905 3741 33763 36877 
2905 36937 14988 37711 
2905 10474 37100 33765 
2905 3741 37399 
2905 36937 37314 
2905 36937 37160 
2905 37179 57731 31856 37306 
2905 3741 37667 37667 37667 37667 
2905 37105 37515 
2905 36994 29975 
2905 10474 37100 37624 
2905 10474 37100 37489 
2905 42 
2905 15805 15805 
2905 30844 37545 37469 
2905 5713 37457 
2905 15805 50996 50996 50996 50996 
2905 10474 37100 37084 327774 
2905 37179 37153 199330 201304 
2905 36991 19832 
2905 36937 36224 
2905 3741 37680 
2905 15169 15276 
2905 5713 37624 
2905 36937 327715 
2905 36937 327858 
2905 36937 37662 30999 
2905 3741 37271 327750 
2905 36937 37662 37353 37353 37236 37236 
2905 30844 37483 
2905 30844 21174 
2905 10474 37100 36865 
2905 36994 37223 
2905 2018 37501 
2905 33764 37177 
2905 37179 37153 199330 
2905 36937 37239 37239 37239 37239 
2905 10474 37100 37084 37045 27319 
2905 37179 37153 327813 
2905 37179 22750 37049 
2905 15169 26910 26910 26910 26910 
2905 37179 26422 26422 26422 26422 
2905 30844 58620 
2905 5713 36883 
2905 3741 37678 
2905 3741 36943 61084 
2905 30844 21174 37483 
2905 3741 36943 29761 
2905 36937 37662 37353 37353 36898 36898 
2905 37511 
2905 20459 37154 
2905 10474 37100 37183 37183 
2905 11845 22355 
2905 5713 36994 29918 
2905 5713 37356 
2905 5713 37204 37189 37189 37189 37189 37189 
2905 30844 37048 
2905 10474 37100 36913 
2905 2018 8094 8094 
2905 10474 37100 37063 37122 37122 37122 
2905 20459 36996 36996 
2905 5713 19711 32398 
2905 10474 37276 
2905 36937 37662 30619 30619 25139 25139 25139 25139 37477 
2905 36937 37542 
2905 36994 37057 37434 
2905 5713 37678 14988 14988 14988 
2905 3741 30988 37212 37212 37212 37212 
2905 37255 30986 10798 
2905 37513 37513 37513 37513 
2905 3741 15808 36904 36904 36904 
2905 36994 37057 
2905 5713 11845 
2905 37179 37276 
2905 36937 327841 
2905 36937 10803 
2905 36937 14988 
2905 10474 37100 19711 
2905 20459 36996 
2905 3741 327749 
2905 11845 327693 22572 
2905 20459 36999 36999 36999 36999 
2905 5713 37239 
2905 3741 30988 
2905 3741 37271 1828 
2905 5713 37317 
2905 30844 37545 25429 
2905 36937 37662 12491 37098 37098 37098 37098 37098 37098 37098 
2905 36937 37630 
2905 30844 37483 37483 37483 37483 37483 37483 37483 37483 37483 37483 37483 
2905 5713 30619 36865 
2905 5713 36916 36916 36916 
2905 36937 11157 
2905 2018 19232 
2905 3741 37667 
2905 36937 37479 
2905 5713 37402 
2905 36937 37650 
2905 37053 37363 
2905 5713 3573 
2905 5713 37204 37442 
2905 5713 37159 
2905 10474 37100 327782 
2905 5713 37678 327776 
2905 
2905 5713 37312 
2905 37179 21739 
2905 3741 37678 327757 
2905 3741 15808 30994 30994 30994 
2905 36937 37417 
2905 12091 
2905 37179 37225 37225 37225 37225 37225 37225 37225 37225 37225 37225 
2905 30844 37578 
2905 36937 37662 12491 
2905 8075 20046 
2905 8075 8075 8068 
2905 15169 6432 
2905 5713 37154 
2905 3741 44444 44444 
2905 10474 37100 37084 37545 327720 
2905 10474 37100 15399 37027 
2905 3741 30988 37125 37125 37125 37125 37125 37125 
2905 36937 37519 37519 37519 
2905 3741 37484 
2905 3741 37009 37009 37009 
2905 3741 33763 327691 327691 327691 
2905 3741 37678 327716 
2905 8075 8071 
2905 5713 37357 
2905 8075 
2905 3741 12556 37421 
2905 36937 37130 
2905 33769 
2905 5713 37546 
2905 5713 37678 37184 
2905 30844 37146 
2905 5713 32437 
2905 3741 27322 
2905 37179 57731 31856 
2905 3741 37271 327737 
2905 37179 37153 
2905 5713 37678 37537 
2905 36937 14988 37678 
2905 3741 37630 
2905 30844 36991 
2905 10474 37100 327744 
2905 42 20144 20144 
2905 11845 22355 327781 
2905 10474 37100 37149 
2905 10474 37589 
2905 3741 30988 36922 
2905 10474 37596 
2905 36974 36974 36974 36974 36974 10798 
2905 37179 36692 
2905 3741 37271 36868 
2905 36937 22355 
2905 3741 37239 
2905 37028 
2905 37105 37334 
2905 10474 37100 33771 37061 
2905 30844 37006 
2905 5713 37678 327760 
2905 10474 37100 33771 37061 37061 37061 37061 37061 37166 
2905 5713 36889 
2905 36937 37439 
2905 10474 37100 37184 37568 
2905 3741 37678 37014 
2905 36937 37662 36963 
2905 8075 8068 
2905 11845 22355 {37599} 
2905 3741 33763 
2905 11845 37656 
2905 37179 37673 
2905 10474 37100 33771 
2905 30844 327707 
2905 37053 37511 
2905 5713 14115 
2905 10474 37412 
2905 3741 30988 37587 
2905 5713 16416 
2905 36937 37312 
2905 10474 37100 37619 37619 37619 37228 
2905 5713 12701 
2905 10474 37100 37063 37610 37610 37610 37610 
2905 36994 36908 
2905 37179 37627 
2905 37255 
2905 37179 37053 
2905 30844 37601 
2905 10474 37100 37556 
2905 37053 37439 
2905 3741 37639 
2905 30844 33567 
2905 30844 37109 
2905 10474 37100 37084 37545 
2905 36937 37662 37204 36986 
2905 37105 37474 
2905 5713 3067 3067 
2905 5713 37678 37604 
2905 3741 16838 
2905 3741 42235 32017 
2905 21433 
2905 10474 37100 25139 
2905 3741 37678 33781 
2905 3741 42235 
2905 37446 
2905 10474 37100 37084 327885 
2905 3741 37254 37254 37254 327715 
2905 5713 37438 
2905 33764 37181 
2905 3356 10753 
2905 16875 
2905 10474 37100 37395 37395 37395 
2905 5713 36874 
2905 8075 23468 
2905 30844 37210 
2905 5713 36916 36916 36916 36916 36916 37595 
2905 37105 58620 
2905 29465 29465 29465 29465 29465 29465 37340 
2905 10474 37100 37149 327855 
2905 3741 37271 37549 
2905 36937 37662 12491 37214 
2905 10474 37100 33771 37061 37166 
2905 10474 37100 36965 
2905 29465 29465 29465 29465 29465 29465 
2905 3741 37271 37650 37650 37650 37650 
2905 37410 
2905 10474 37100 37516 
2905 5713 36874 37652 37652 37652 
2905 10474 37100 37063 327717 
2905 30844 56696 
2905 30844 33770 21280 
2905 15805 24672 
2905 30844 36948 
2905 10474 37100 51910 37631 
2905 37180 37180 
2905 37255 30986 30982 
2905 30844 37238 
2905 37014 
2905 10474 37100 37084 37045 
2905 11845 22386 
2905 3741 37692 37692 
2905 11845 37236 37236 
2905 30844 37545 37336 
2905 30844 37545 
2905 10474 37100 327790 
2905 10474 37100 
2905 36994 16284 
2905 10474 37100 30619 25139 
2905 10474 37100 37183 37183 37442 
2905 5713 37673 
2905 30844 30994 30994 30994 
2905 10474 37100 36909 
